-------------------------------------------------------------------------------
VortoNeX v2 - geometry file -
-------------------------------------------------------------------------------
1026 2048   # of nodes and elements
# Nodes coordinates
1	0.0000	0.4976	-0.0490
2	0.0000	0.5000	0.0000
3	0.0000	0.4904	-0.0975
4	0.0574	0.4934	-0.0574
5	-0.0574	0.4934	-0.0574
6	0.0490	0.4976	0.0000
7	-0.0490	0.4976	0.0000
8	0.0601	0.4843	-0.1088
9	-0.0601	0.4843	-0.1088
10	0.0000	0.4976	0.0490
11	0.0000	0.4785	-0.1451
12	0.0975	0.4904	0.0000
13	-0.0975	0.4904	0.0000
14	0.1088	0.4843	-0.0601
15	-0.1088	0.4843	-0.0601
16	0.0574	0.4934	0.0574
17	-0.0574	0.4934	0.0574
18	0.0609	0.4707	-0.1574
19	-0.0609	0.4707	-0.1574
20	0.1152	0.4727	-0.1152
21	-0.1152	0.4727	-0.1152
22	0.0000	0.4619	-0.1913
23	0.0000	0.4904	0.0975
24	-0.1451	0.4785	0.0000
25	0.1451	0.4785	0.0000
26	0.1088	0.4843	0.0601
27	-0.1088	0.4843	0.0601
28	0.1574	0.4707	-0.0609
29	-0.1574	0.4707	-0.0609
30	0.0601	0.4843	0.1088
31	-0.0601	0.4843	0.1088
32	0.1179	0.4564	-0.1666
33	-0.1179	0.4564	-0.1666
34	0.0612	0.4522	-0.2043
35	-0.0612	0.4522	-0.2043
36	0.1666	0.4564	-0.1179
37	-0.1666	0.4564	-0.1179
38	0.1574	0.4707	0.0609
39	-0.1574	0.4707	0.0609
40	0.0000	0.4410	-0.2357
41	0.0000	0.4785	0.1451
42	0.1913	0.4619	0.0000
43	-0.1913	0.4619	0.0000
44	0.1152	0.4727	0.1152
45	-0.1152	0.4727	0.1152
46	0.2043	0.4522	-0.0612
47	-0.2043	0.4522	-0.0612
48	0.1193	0.4353	-0.2151
49	-0.1193	0.4353	-0.2151
50	0.0609	0.4707	0.1574
51	-0.0609	0.4707	0.1574
52	0.1712	0.4375	-0.1712
53	-0.1712	0.4375	-0.1712
54	0.0613	0.4290	-0.2494
55	-0.0613	0.4290	-0.2494
56	0.2151	0.4353	-0.1193
57	-0.2151	0.4353	-0.1193
58	0.2043	0.4522	0.0612
59	-0.2043	0.4522	0.0612
60	0.1666	0.4564	0.1179
61	-0.1666	0.4564	0.1179
62	0.0000	0.4157	-0.2778
63	0.0000	0.4619	0.1913
64	-0.2357	0.4410	0.0000
65	0.2357	0.4410	0.0000
66	0.1179	0.4564	0.1666
67	-0.1179	0.4564	0.1666
68	0.1738	0.4134	-0.2211
69	-0.1738	0.4134	-0.2211
70	0.1201	0.4094	-0.2607
71	-0.1201	0.4094	-0.2607
72	0.2494	0.4290	-0.0613
73	-0.2494	0.4290	-0.0613
74	0.0612	0.4522	0.2043
75	-0.0612	0.4522	0.2043
76	0.2211	0.4134	-0.1738
77	-0.2211	0.4134	-0.1738
78	-0.0614	0.4011	-0.2921
79	0.0614	0.4011	-0.2921
80	0.2151	0.4353	0.1193
81	-0.2151	0.4353	0.1193
82	-0.2494	0.4290	0.0613
83	0.2494	0.4290	0.0613
84	0.2607	0.4094	-0.1201
85	-0.2607	0.4094	-0.1201
86	0.1712	0.4375	0.1712
87	-0.1712	0.4375	0.1712
88	0.0000	0.3865	-0.3172
89	0.0000	0.4410	0.2357
90	0.2778	0.4157	0.0000
91	-0.2778	0.4157	0.0000
92	0.1193	0.4353	0.2151
93	-0.1193	0.4353	0.2151
94	0.1754	0.3843	-0.2674
95	-0.1754	0.3843	-0.2674
96	0.1206	0.3788	-0.3033
97	-0.1206	0.3788	-0.3033
98	0.2247	0.3861	-0.2247
99	-0.2247	0.3861	-0.2247
100	0.2921	0.4011	-0.0614
101	-0.2921	0.4011	-0.0614
102	0.0613	0.4290	0.2494
103	-0.0613	0.4290	0.2494
104	0.2674	0.3843	-0.1754
105	-0.2674	0.3843	-0.1754
106	0.0616	0.3688	-0.3319
107	-0.0616	0.3688	-0.3319
108	0.2607	0.4094	0.1201
109	-0.2607	0.4094	0.1201
110	0.2211	0.4134	0.1738
111	-0.2211	0.4134	0.1738
112	0.2921	0.4011	0.0614
113	-0.2921	0.4011	0.0614
114	0.1738	0.4134	0.2211
115	-0.1738	0.4134	0.2211
116	0.3033	0.3788	-0.1206
117	-0.3033	0.3788	-0.1206
118	0.0000	0.3536	-0.3536
119	0.0000	0.4157	0.2778
120	0.3172	0.3865	0.0000
121	-0.3172	0.3865	0.0000
122	0.1201	0.4094	0.2607
123	-0.1201	0.4094	0.2607
124	0.1766	0.3503	-0.3100
125	-0.1766	0.3503	-0.3100
126	0.2268	0.3533	-0.2715
127	-0.2268	0.3533	-0.2715
128	0.1212	0.3437	-0.3423
129	-0.1212	0.3437	-0.3423
130	0.2715	0.3533	-0.2268
131	-0.2715	0.3533	-0.2268
132	0.3319	0.3688	-0.0616
133	-0.3319	0.3688	-0.0616
134	-0.0614	0.4011	0.2921
135	0.0614	0.4011	0.2921
136	-0.0618	0.3325	-0.3683
137	0.0618	0.3325	-0.3683
138	0.3100	0.3503	-0.1766
139	-0.3100	0.3503	-0.1766
140	0.2674	0.3843	0.1754
141	-0.2674	0.3843	0.1754
142	0.3033	0.3788	0.1206
143	-0.3033	0.3788	0.1206
144	0.2247	0.3861	0.2247
145	-0.2247	0.3861	0.2247
146	0.3319	0.3688	0.0616
147	-0.3319	0.3688	0.0616
148	0.1754	0.3843	0.2674
149	-0.1754	0.3843	0.2674
150	0.3423	0.3437	-0.1212
151	-0.3423	0.3437	-0.1212
152	0.0000	0.3172	-0.3865
153	0.0000	0.3865	0.3172
154	0.3536	0.3536	0.0000
155	-0.3536	0.3536	0.0000
156	0.1206	0.3788	0.3033
157	-0.1206	0.3788	0.3033
158	0.2282	0.3153	-0.3139
159	-0.2282	0.3153	-0.3139
160	0.1774	0.3117	-0.3484
161	-0.1774	0.3117	-0.3484
162	0.2738	0.3164	-0.2738
163	-0.2738	0.3164	-0.2738
164	0.1217	0.3047	-0.3773
165	-0.1217	0.3047	-0.3773
166	-0.3683	0.3325	-0.0618
167	0.3683	0.3325	-0.0618
168	0.3139	0.3153	-0.2282
169	-0.3139	0.3153	-0.2282
170	-0.0616	0.3688	0.3319
171	0.0616	0.3688	0.3319
172	0.3100	0.3503	0.1766
173	-0.3100	0.3503	0.1766
174	-0.0620	0.2927	-0.4006
175	0.0620	0.2927	-0.4006
176	0.3423	0.3437	0.1212
177	-0.3423	0.3437	0.1212
178	0.2715	0.3533	0.2268
179	-0.2715	0.3533	0.2268
180	0.3484	0.3117	-0.1774
181	-0.3484	0.3117	-0.1774
182	0.2268	0.3533	0.2715
183	-0.2268	0.3533	0.2715
184	-0.3683	0.3325	0.0618
185	0.3683	0.3325	0.0618
186	0.1766	0.3503	0.3100
187	-0.1766	0.3503	0.3100
188	0.0000	0.2778	-0.4157
189	0.0000	0.3536	0.3536
190	0.3865	0.3172	0.0000
191	-0.3865	0.3172	0.0000
192	0.3773	0.3047	-0.1217
193	-0.3773	0.3047	-0.1217
194	0.1212	0.3437	0.3423
195	-0.1212	0.3437	0.3423
196	-0.2289	0.2722	-0.3515
197	0.2289	0.2722	-0.3515
198	0.1780	0.2687	-0.3822
199	-0.1780	0.2687	-0.3822
200	-0.2758	0.2739	-0.3145
201	0.2758	0.2739	-0.3145
202	0.1222	0.2620	-0.4079
203	-0.1222	0.2620	-0.4079
204	-0.3145	0.2739	-0.2758
205	0.3145	0.2739	-0.2758
206	0.4006	0.2927	-0.0620
207	-0.4006	0.2927	-0.0620
208	0.0618	0.3325	0.3683
209	-0.0618	0.3325	0.3683
210	0.3515	0.2722	-0.2289
211	-0.3515	0.2722	-0.2289
212	0.3484	0.3117	0.1774
213	-0.3484	0.3117	0.1774
214	0.3139	0.3153	0.2282
215	-0.3139	0.3153	0.2282
216	0.3773	0.3047	0.1217
217	-0.3773	0.3047	0.1217
218	-0.0623	0.2501	-0.4285
219	0.0623	0.2501	-0.4285
220	0.2738	0.3164	0.2738
221	-0.2738	0.3164	0.2738
222	-0.4006	0.2927	0.0620
223	0.4006	0.2927	0.0620
224	0.3822	0.2687	-0.1780
225	-0.3822	0.2687	-0.1780
226	0.2282	0.3153	0.3139
227	-0.2282	0.3153	0.3139
228	0.0000	0.2357	-0.4410
229	0.0000	0.3172	0.3865
230	0.4157	0.2778	0.0000
231	-0.4157	0.2778	0.0000
232	0.1774	0.3117	0.3484
233	-0.1774	0.3117	0.3484
234	0.4079	0.2620	-0.1222
235	-0.4079	0.2620	-0.1222
236	0.1217	0.3047	0.3773
237	-0.1217	0.3047	0.3773
238	0.2284	0.2246	-0.3839
239	-0.2284	0.2246	-0.3839
240	0.1781	0.2218	-0.4112
241	-0.1781	0.2218	-0.4112
242	-0.2756	0.2255	-0.3510
243	0.2756	0.2255	-0.3510
244	0.1226	0.2162	-0.4339
245	-0.1226	0.2162	-0.4339
246	0.3159	0.2255	-0.3152
247	-0.3159	0.2255	-0.3152
248	0.4285	0.2501	-0.0623
249	-0.4285	0.2501	-0.0623
250	0.0620	0.2927	0.4006
251	-0.0620	0.2927	0.4006
252	-0.3510	0.2255	-0.2756
253	0.3510	0.2255	-0.2756
254	0.3822	0.2687	0.1780
255	-0.3822	0.2687	0.1780
256	0.4079	0.2620	0.1222
257	-0.4079	0.2620	0.1222
258	-0.3515	0.2722	0.2289
259	0.3515	0.2722	0.2289
260	0.0626	0.2050	-0.4517
261	-0.0626	0.2050	-0.4517
262	-0.3839	0.2246	-0.2284
263	0.3839	0.2246	-0.2284
264	-0.3145	0.2739	0.2758
265	0.3145	0.2739	0.2758
266	0.4285	0.2501	0.0623
267	-0.4285	0.2501	0.0623
268	0.2758	0.2739	0.3145
269	-0.2758	0.2739	0.3145
270	0.4112	0.2218	-0.1781
271	-0.4112	0.2218	-0.1781
272	0.2289	0.2722	0.3515
273	-0.2289	0.2722	0.3515
274	0.0000	0.1913	-0.4619
275	0.0000	0.2778	0.4157
276	0.4410	0.2357	0.0000
277	-0.4410	0.2357	0.0000
278	0.1780	0.2687	0.3822
279	-0.1780	0.2687	0.3822
280	0.4339	0.2162	-0.1226
281	-0.4339	0.2162	-0.1226
282	0.1222	0.2620	0.4079
283	-0.1222	0.2620	0.4079
284	0.1771	0.1712	-0.4351
285	-0.1771	0.1712	-0.4351
286	0.2266	0.1728	-0.4108
287	-0.2266	0.1728	-0.4108
288	-0.1226	0.1672	-0.4550
289	0.1226	0.1672	-0.4550
290	0.4517	0.2050	-0.0626
291	-0.4517	0.2050	-0.0626
292	-0.2705	0.1727	-0.3834
293	0.2705	0.1727	-0.3834
294	-0.0623	0.2501	0.4285
295	0.0623	0.2501	0.4285
296	0.3116	0.1727	-0.3508
297	-0.3116	0.1727	-0.3508
298	0.0629	0.1581	-0.4702
299	-0.0629	0.1581	-0.4701
300	0.4112	0.2218	0.1781
301	-0.4112	0.2218	0.1781
302	-0.4339	0.2162	0.1226
303	0.4339	0.2162	0.1226
304	-0.3508	0.1727	-0.3116
305	0.3508	0.1727	-0.3116
306	0.3839	0.2246	0.2284
307	-0.3839	0.2246	0.2284
308	-0.3834	0.1727	-0.2705
309	0.3834	0.1727	-0.2705
310	0.4517	0.2050	0.0626
311	-0.4517	0.2050	0.0626
312	0.3510	0.2255	0.2756
313	-0.3510	0.2255	0.2756
314	0.4108	0.1728	-0.2266
315	-0.4108	0.1728	-0.2266
316	0.3159	0.2255	0.3152
317	-0.3152	0.2255	0.3159
318	0.0000	0.1451	-0.4785
319	0.0000	0.2357	0.4410
320	-0.4619	0.1913	0.0000
321	0.4619	0.1913	0.0000
322	0.2756	0.2255	0.3510
323	-0.2756	0.2255	0.3510
324	0.4351	0.1712	-0.1771
325	-0.4351	0.1712	-0.1771
326	-0.2284	0.2246	0.3839
327	0.2284	0.2246	0.3839
328	0.1781	0.2218	0.4112
329	-0.1781	0.2218	0.4112
330	0.4550	0.1672	-0.1226
331	-0.4550	0.1672	-0.1226
332	0.1226	0.2162	0.4339
333	-0.1226	0.2162	0.4339
334	0.4702	0.1581	-0.0629
335	-0.4702	0.1581	-0.0629
336	-0.1720	0.1168	-0.4547
337	0.1720	0.1168	-0.4547
338	0.1211	0.1151	-0.4712
339	-0.1211	0.1151	-0.4712
340	-0.0626	0.2050	0.4517
341	0.0626	0.2050	0.4517
342	0.2218	0.1172	-0.4325
343	-0.2218	0.1172	-0.4325
344	0.2660	0.1172	-0.4068
345	-0.2660	0.1172	-0.4068
346	0.0630	0.1094	-0.4838
347	-0.0630	0.1094	-0.4838
348	-0.4550	0.1672	0.1226
349	0.4550	0.1672	0.1226
350	0.3068	0.1168	-0.3772
351	-0.3068	0.1168	-0.3772
352	0.4351	0.1712	0.1771
353	-0.4351	0.1712	0.1771
354	0.4702	0.1581	0.0629
355	-0.4701	0.1581	0.0629
356	-0.3442	0.1168	-0.3433
357	0.3442	0.1168	-0.3433
358	0.4108	0.1728	0.2266
359	-0.4108	0.1728	0.2266
360	0.3772	0.1168	-0.3068
361	-0.3772	0.1168	-0.3068
362	-0.3834	0.1727	0.2705
363	0.3834	0.1727	0.2705
364	0.0000	0.0975	-0.4904
365	0.0000	0.1913	0.4619
366	0.4785	0.1451	0.0000
367	-0.4785	0.1451	0.0000
368	0.4068	0.1172	-0.2660
369	-0.4068	0.1172	-0.2660
370	0.3508	0.1727	0.3116
371	-0.3508	0.1727	0.3116
372	0.4325	0.1172	-0.2218
373	-0.4325	0.1172	-0.2218
374	-0.3116	0.1727	0.3508
375	0.3116	0.1727	0.3508
376	0.2705	0.1727	0.3834
377	-0.2705	0.1727	0.3834
378	0.4547	0.1168	-0.1720
379	-0.4547	0.1168	-0.1720
380	0.2266	0.1728	0.4108
381	-0.2266	0.1728	0.4108
382	0.1771	0.1712	0.4351
383	-0.1771	0.1712	0.4351
384	0.4712	0.1151	-0.1211
385	-0.4712	0.1151	-0.1211
386	0.1226	0.1672	0.4550
387	-0.1226	0.1672	0.4550
388	-0.4838	0.1094	-0.0630
389	0.4838	0.1094	-0.0630
390	-0.0629	0.1581	0.4702
391	0.0629	0.1581	0.4701
392	0.1156	0.0591	-0.4828
393	-0.1156	0.0591	-0.4828
394	0.0616	0.0576	-0.4928
395	-0.0617	0.0576	-0.4928
396	0.1651	0.0590	-0.4682
397	-0.1651	0.0590	-0.4682
398	0.4712	0.1151	0.1211
399	-0.4712	0.1151	0.1211
400	0.4838	0.1094	0.0630
401	-0.4838	0.1094	0.0630
402	0.2115	0.0588	-0.4492
403	-0.2115	0.0588	-0.4492
404	0.2551	0.0586	-0.4260
405	-0.2551	0.0586	-0.4260
406	-0.4547	0.1168	0.1720
407	0.4547	0.1168	0.1720
408	0.0000	0.1451	0.4785
409	0.0000	0.0490	-0.4976
410	0.2958	0.0584	-0.3989
411	-0.2958	0.0584	-0.3989
412	0.4904	0.0975	0.0000
413	-0.4904	0.0975	0.0000
414	0.4325	0.1172	0.2218
415	-0.4325	0.1172	0.2218
416	0.3335	0.0584	-0.3679
417	-0.3335	0.0584	-0.3679
418	0.3679	0.0584	-0.3335
419	-0.3679	0.0584	-0.3335
420	0.4068	0.1172	0.2660
421	-0.4068	0.1172	0.2660
422	0.3989	0.0584	-0.2958
423	-0.3989	0.0584	-0.2958
424	0.3772	0.1168	0.3068
425	-0.3772	0.1168	0.3068
426	0.4260	0.0586	-0.2551
427	-0.4260	0.0586	-0.2551
428	0.3442	0.1168	0.3433
429	-0.3433	0.1168	0.3442
430	-0.3068	0.1168	0.3772
431	0.3068	0.1168	0.3772
432	0.4492	0.0588	-0.2115
433	-0.4492	0.0588	-0.2115
434	0.2660	0.1172	0.4068
435	-0.2660	0.1172	0.4068
436	0.4682	0.0590	-0.1651
437	-0.4682	0.0590	-0.1651
438	0.2218	0.1172	0.4325
439	-0.2218	0.1172	0.4325
440	0.1720	0.1168	0.4547
441	-0.1720	0.1168	0.4547
442	0.4828	0.0591	-0.1156
443	-0.4828	0.0591	-0.1156
444	0.1211	0.1151	0.4712
445	-0.1211	0.1151	0.4712
446	-0.4928	0.0576	-0.0617
447	0.4928	0.0576	-0.0616
448	-0.0630	0.1094	0.4838
449	0.0630	0.1094	0.4838
450	0.4928	0.0576	0.0617
451	-0.4928	0.0576	0.0617
452	0.0000	0.0975	0.4904
453	0.0000	0.0000	-0.5000
454	-0.4976	0.0490	0.0000
455	0.4976	0.0490	0.0000
456	0.0490	0.0000	-0.4976
457	-0.0490	0.0000	-0.4976
458	0.0975	0.0000	-0.4904
459	-0.0975	0.0000	-0.4904
460	0.4828	0.0591	0.1156
461	-0.4828	0.0591	0.1156
462	0.1451	0.0000	-0.4785
463	-0.1451	0.0000	-0.4785
464	-0.1913	0.0000	-0.4619
465	0.1913	0.0000	-0.4619
466	-0.2357	0.0000	-0.4410
467	0.2357	0.0000	-0.4410
468	0.4682	0.0590	0.1651
469	-0.4682	0.0590	0.1651
470	-0.2778	0.0000	-0.4157
471	0.2778	0.0000	-0.4157
472	-0.3172	0.0000	-0.3865
473	0.3172	0.0000	-0.3865
474	0.4492	0.0588	0.2115
475	-0.4492	0.0588	0.2115
476	-0.3536	0.0000	-0.3536
477	0.3536	0.0000	-0.3536
478	0.4260	0.0586	0.2551
479	-0.4260	0.0586	0.2551
480	-0.3865	0.0000	-0.3172
481	0.3865	0.0000	-0.3172
482	0.3989	0.0584	0.2958
483	-0.3989	0.0584	0.2958
484	-0.4157	0.0000	-0.2778
485	0.4157	0.0000	-0.2778
486	0.3679	0.0584	0.3335
487	-0.3679	0.0584	0.3335
488	-0.4410	0.0000	-0.2357
489	0.4410	0.0000	-0.2357
490	0.3335	0.0584	0.3679
491	-0.3335	0.0584	0.3679
492	0.2958	0.0584	0.3989
493	-0.2958	0.0584	0.3989
494	-0.4619	0.0000	-0.1913
495	0.4619	0.0000	-0.1913
496	0.2551	0.0586	0.4260
497	-0.2551	0.0586	0.4260
498	0.2115	0.0588	0.4492
499	-0.2115	0.0588	0.4492
500	-0.4785	0.0000	-0.1451
501	0.4785	0.0000	-0.1451
502	0.1651	0.0590	0.4682
503	-0.1651	0.0590	0.4682
504	0.1156	0.0591	0.4828
505	-0.1156	0.0591	0.4828
506	0.4904	0.0000	-0.0975
507	-0.4904	0.0000	-0.0975
508	-0.0617	0.0576	0.4928
509	0.0617	0.0576	0.4928
510	0.4976	0.0000	-0.0490
511	-0.4976	0.0000	-0.0490
512	-0.5000	0.0000	0.0000
513	0.5000	0.0000	0.0000
514	0.0000	-0.0490	-0.4976
515	0.0000	0.0490	0.4976
516	-0.4976	0.0000	0.0490
517	0.4976	0.0000	0.0490
518	-0.0617	-0.0576	-0.4928
519	0.0616	-0.0576	-0.4928
520	0.4904	0.0000	0.0975
521	-0.4904	0.0000	0.0975
522	-0.1156	-0.0591	-0.4828
523	0.1156	-0.0591	-0.4828
524	-0.1651	-0.0590	-0.4682
525	0.1651	-0.0590	-0.4682
526	0.4785	0.0000	0.1451
527	-0.4785	0.0000	0.1451
528	-0.2115	-0.0588	-0.4492
529	0.2115	-0.0588	-0.4492
530	-0.2563	-0.0594	-0.4252
531	0.2563	-0.0594	-0.4252
532	-0.4619	0.0000	0.1913
533	0.4619	0.0000	0.1913
534	-0.2969	-0.0594	-0.3979
535	0.2969	-0.0594	-0.3979
536	-0.3327	-0.0579	-0.3687
537	0.3327	-0.0579	-0.3687
538	-0.4410	0.0000	0.2357
539	0.4410	0.0000	0.2357
540	-0.3687	-0.0579	-0.3327
541	0.3687	-0.0579	-0.3327
542	-0.4157	0.0000	0.2778
543	0.4157	0.0000	0.2778
544	0.3979	-0.0594	-0.2969
545	-0.3979	-0.0594	-0.2969
546	-0.3865	0.0000	0.3172
547	0.3865	0.0000	0.3172
548	-0.4252	-0.0594	-0.2563
549	0.4252	-0.0594	-0.2563
550	-0.3536	0.0000	0.3536
551	0.3536	0.0000	0.3536
552	-0.4492	-0.0588	-0.2115
553	0.4492	-0.0588	-0.2115
554	-0.3172	0.0000	0.3865
555	0.3172	0.0000	0.3865
556	-0.2778	0.0000	0.4157
557	0.2778	0.0000	0.4157
558	-0.4682	-0.0590	-0.1651
559	0.4682	-0.0590	-0.1651
560	-0.2357	0.0000	0.4410
561	0.2357	0.0000	0.4410
562	-0.1913	0.0000	0.4619
563	0.1913	0.0000	0.4619
564	-0.1451	0.0000	0.4785
565	0.1451	0.0000	0.4785
566	-0.4828	-0.0591	-0.1156
567	0.4828	-0.0591	-0.1156
568	-0.0975	0.0000	0.4904
569	0.0975	0.0000	0.4904
570	0.4976	-0.0490	0.0000
571	-0.4976	-0.0490	0.0000
572	0.0490	0.0000	0.4976
573	-0.0490	0.0000	0.4976
574	0.0000	0.0000	0.5000
575	0.0000	-0.0975	-0.4904
576	-0.4928	-0.0576	-0.0617
577	0.4928	-0.0576	-0.0616
578	-0.0630	-0.1094	-0.4838
579	0.0630	-0.1094	-0.4838
580	0.4928	-0.0576	0.0617
581	-0.4928	-0.0576	0.0617
582	-0.1211	-0.1151	-0.4712
583	0.1211	-0.1151	-0.4712
584	0.4828	-0.0591	0.1156
585	-0.4828	-0.0591	0.1156
586	-0.1737	-0.1168	-0.4541
587	0.1737	-0.1168	-0.4541
588	-0.2218	-0.1172	-0.4325
589	0.2218	-0.1172	-0.4325
590	0.4682	-0.0590	0.1651
591	-0.4682	-0.0590	0.1651
592	-0.2660	-0.1172	-0.4068
593	0.2660	-0.1172	-0.4068
594	0.4492	-0.0588	0.2115
595	-0.4492	-0.0588	0.2115
596	-0.3067	-0.1171	-0.3772
597	0.3067	-0.1171	-0.3772
598	-0.3437	-0.1171	-0.3437
599	0.3437	-0.1171	-0.3437
600	0.4252	-0.0594	0.2563
601	-0.4252	-0.0594	0.2563
602	-0.3772	-0.1171	-0.3067
603	0.3772	-0.1171	-0.3067
604	-0.3979	-0.0594	0.2969
605	0.3979	-0.0594	0.2969
606	-0.3687	-0.0579	0.3327
607	0.3687	-0.0579	0.3327
608	-0.4068	-0.1172	-0.2660
609	0.4068	-0.1172	-0.2660
610	-0.3327	-0.0579	0.3687
611	0.3327	-0.0579	0.3687
612	-0.4325	-0.1172	-0.2218
613	0.4325	-0.1172	-0.2218
614	-0.4904	-0.0975	0.0000
615	0.4904	-0.0975	0.0000
616	0.0000	-0.0490	0.4976
617	0.0000	-0.1451	-0.4785
618	-0.2969	-0.0594	0.3979
619	0.2969	-0.0594	0.3979
620	-0.4541	-0.1168	-0.1737
621	0.4541	-0.1168	-0.1737
622	-0.2563	-0.0594	0.4252
623	0.2563	-0.0594	0.4252
624	-0.2115	-0.0588	0.4492
625	0.2115	-0.0588	0.4492
626	-0.4838	-0.1094	-0.0630
627	0.4838	-0.1094	-0.0630
628	0.4712	-0.1151	-0.1211
629	-0.4712	-0.1151	-0.1211
630	-0.1651	-0.0590	0.4682
631	0.1651	-0.0590	0.4682
632	0.0617	-0.0576	0.4928
633	-0.0617	-0.0576	0.4928
634	0.1156	-0.0591	0.4828
635	-0.1156	-0.0591	0.4828
636	-0.0630	-0.1581	-0.4701
637	0.0629	-0.1581	-0.4702
638	0.4838	-0.1094	0.0630
639	-0.4838	-0.1094	0.0630
640	0.1226	-0.1673	-0.4550
641	-0.1226	-0.1673	-0.4550
642	0.4712	-0.1151	0.1211
643	-0.4712	-0.1151	0.1211
644	-0.1771	-0.1712	-0.4351
645	0.1771	-0.1712	-0.4351
646	-0.2266	-0.1728	-0.4108
647	0.2266	-0.1728	-0.4108
648	0.4541	-0.1168	0.1737
649	-0.4541	-0.1168	0.1737
650	-0.2717	-0.1734	-0.3822
651	0.2717	-0.1734	-0.3822
652	0.4325	-0.1172	0.2218
653	-0.4325	-0.1172	0.2218
654	-0.3126	-0.1736	-0.3495
655	0.3126	-0.1736	-0.3495
656	-0.3495	-0.1736	-0.3126
657	0.3495	-0.1736	-0.3126
658	0.4068	-0.1172	0.2660
659	-0.4068	-0.1172	0.2660
660	0.4785	-0.1451	0.0000
661	-0.4785	-0.1451	0.0000
662	0.0000	-0.1913	-0.4619
663	0.0000	-0.0975	0.4904
664	-0.3822	-0.1734	-0.2717
665	0.3822	-0.1734	-0.2717
666	0.3772	-0.1171	0.3067
667	-0.3772	-0.1171	0.3067
668	-0.4108	-0.1728	-0.2266
669	0.4108	-0.1728	-0.2266
670	0.3437	-0.1171	0.3437
671	-0.3437	-0.1171	0.3437
672	0.4702	-0.1581	-0.0629
673	-0.4702	-0.1581	-0.0629
674	-0.4351	-0.1712	-0.1771
675	0.4351	-0.1712	-0.1771
676	0.3067	-0.1171	0.3772
677	-0.3067	-0.1171	0.3772
678	0.4550	-0.1673	-0.1226
679	-0.4550	-0.1673	-0.1226
680	0.0630	-0.1094	0.4838
681	-0.0630	-0.1094	0.4838
682	0.2660	-0.1172	0.4068
683	-0.2660	-0.1172	0.4068
684	-0.2218	-0.1172	0.4325
685	0.2218	-0.1172	0.4325
686	-0.0626	-0.2050	-0.4517
687	0.0626	-0.2050	-0.4517
688	0.1211	-0.1151	0.4712
689	-0.1211	-0.1151	0.4712
690	-0.1737	-0.1168	0.4541
691	0.1737	-0.1168	0.4541
692	0.4702	-0.1581	0.0629
693	-0.4701	-0.1581	0.0630
694	-0.1226	-0.2162	-0.4339
695	0.1226	-0.2162	-0.4339
696	0.4550	-0.1673	0.1226
697	-0.4550	-0.1673	0.1226
698	-0.1781	-0.2218	-0.4112
699	0.1781	-0.2218	-0.4112
700	-0.2285	-0.2246	-0.3838
701	0.2285	-0.2246	-0.3838
702	0.4351	-0.1712	0.1771
703	-0.4351	-0.1712	0.1771
704	-0.2742	-0.2259	-0.3518
705	0.2742	-0.2259	-0.3518
706	-0.4619	-0.1913	0.0000
707	0.4619	-0.1913	0.0000
708	0.0000	-0.2357	-0.4410
709	0.0000	-0.1451	0.4785
710	0.4108	-0.1728	0.2266
711	-0.4108	-0.1728	0.2266
712	-0.3153	-0.2262	-0.3153
713	0.3153	-0.2262	-0.3153
714	-0.3518	-0.2259	-0.2742
715	0.3518	-0.2259	-0.2742
716	0.4517	-0.2050	-0.0626
717	-0.4517	-0.2050	-0.0626
718	0.3822	-0.1734	0.2717
719	-0.3822	-0.1734	0.2717
720	-0.3838	-0.2246	-0.2285
721	0.3838	-0.2246	-0.2285
722	-0.4339	-0.2162	-0.1226
723	0.4339	-0.2162	-0.1226
724	-0.4112	-0.2218	-0.1781
725	0.4112	-0.2218	-0.1781
726	0.3495	-0.1736	0.3126
727	-0.3495	-0.1736	0.3126
728	0.0630	-0.1581	0.4701
729	-0.0629	-0.1581	0.4702
730	0.0627	-0.2492	-0.4289
731	-0.0627	-0.2492	-0.4289
732	0.3126	-0.1736	0.3495
733	-0.3126	-0.1736	0.3495
734	0.2717	-0.1734	0.3822
735	-0.2717	-0.1734	0.3822
736	0.4517	-0.2050	0.0626
737	-0.4517	-0.2050	0.0626
738	-0.1226	-0.1673	0.4550
739	0.1226	-0.1673	0.4550
740	0.2266	-0.1728	0.4108
741	-0.2266	-0.1728	0.4108
742	-0.1771	-0.1712	0.4351
743	0.1771	-0.1712	0.4351
744	-0.1215	-0.2627	-0.4077
745	0.1215	-0.2627	-0.4077
746	0.4339	-0.2162	0.1226
747	-0.4339	-0.2162	0.1226
748	-0.1780	-0.2687	-0.3822
749	0.1780	-0.2687	-0.3822
750	-0.4410	-0.2357	0.0000
751	0.4410	-0.2357	0.0000
752	0.0000	-0.2778	-0.4157
753	0.0000	-0.1913	0.4619
754	-0.2288	-0.2723	-0.3514
755	0.2288	-0.2723	-0.3514
756	0.4112	-0.2218	0.1781
757	-0.4112	-0.2218	0.1781
758	-0.2747	-0.2738	-0.3156
759	0.2747	-0.2738	-0.3156
760	0.4289	-0.2492	-0.0627
761	-0.4289	-0.2492	-0.0627
762	-0.3156	-0.2738	-0.2747
763	0.3156	-0.2738	-0.2747
764	0.3838	-0.2246	0.2285
765	-0.3838	-0.2246	0.2285
766	0.0626	-0.2050	0.4517
767	-0.0626	-0.2050	0.4517
768	-0.3514	-0.2723	-0.2288
769	0.3514	-0.2723	-0.2288
770	-0.4077	-0.2627	-0.1215
771	0.4077	-0.2627	-0.1215
772	-0.3822	-0.2687	-0.1780
773	0.3822	-0.2687	-0.1780
774	-0.0614	-0.2919	-0.4012
775	0.0614	-0.2919	-0.4012
776	0.3518	-0.2259	0.2742
777	-0.3518	-0.2259	0.2742
778	-0.4289	-0.2492	0.0627
779	0.4289	-0.2492	0.0627
780	0.3153	-0.2262	0.3153
781	-0.3153	-0.2262	0.3153
782	-0.1226	-0.2162	0.4339
783	0.1226	-0.2162	0.4339
784	0.2742	-0.2259	0.3518
785	-0.2742	-0.2259	0.3518
786	0.1781	-0.2218	0.4112
787	-0.1781	-0.2218	0.4112
788	0.2285	-0.2246	0.3838
789	-0.2285	-0.2246	0.3838
790	-0.1211	-0.3060	-0.3764
791	0.1211	-0.3060	-0.3764
792	-0.4077	-0.2627	0.1215
793	0.4077	-0.2627	0.1215
794	-0.1774	-0.3117	-0.3484
795	0.1774	-0.3117	-0.3484
796	-0.4157	-0.2778	0.0000
797	0.4157	-0.2778	0.0000
798	0.0000	-0.3172	-0.3865
799	0.0000	-0.2357	0.4410
800	-0.2282	-0.3153	-0.3139
801	0.2282	-0.3153	-0.3139
802	-0.4012	-0.2919	-0.0614
803	0.4012	-0.2919	-0.0614
804	0.3822	-0.2687	0.1780
805	-0.3822	-0.2687	0.1780
806	-0.2738	-0.3164	-0.2738
807	0.2738	-0.3164	-0.2738
808	-0.0627	-0.2492	0.4289
809	0.0627	-0.2492	0.4289
810	-0.3139	-0.3153	-0.2282
811	0.3139	-0.3153	-0.2282
812	0.3764	-0.3060	-0.1211
813	-0.3764	-0.3060	-0.1211
814	-0.3484	-0.3117	-0.1774
815	0.3484	-0.3117	-0.1774
816	0.3514	-0.2723	0.2288
817	-0.3514	-0.2723	0.2288
818	0.0617	-0.3325	-0.3682
819	-0.0617	-0.3325	-0.3682
820	-0.4012	-0.2919	0.0614
821	0.4012	-0.2919	0.0614
822	0.3156	-0.2738	0.2747
823	-0.3156	-0.2738	0.2747
824	-0.1215	-0.2627	0.4077
825	0.1215	-0.2627	0.4077
826	0.2747	-0.2738	0.3156
827	-0.2747	-0.2738	0.3156
828	0.1780	-0.2687	0.3822
829	-0.1780	-0.2687	0.3822
830	0.2288	-0.2723	0.3514
831	-0.2288	-0.2723	0.3514
832	-0.1212	-0.3437	-0.3423
833	0.1212	-0.3437	-0.3423
834	-0.3865	-0.3172	0.0000
835	0.3865	-0.3172	0.0000
836	-0.3764	-0.3060	0.1211
837	0.3764	-0.3060	0.1211
838	0.0000	-0.3536	-0.3536
839	0.0000	-0.2778	0.4157
840	-0.1765	-0.3503	-0.3100
841	0.1765	-0.3503	-0.3100
842	-0.3682	-0.3325	-0.0617
843	0.3682	-0.3325	-0.0617
844	-0.2268	-0.3533	-0.2715
845	0.2268	-0.3533	-0.2715
846	0.3484	-0.3117	0.1774
847	-0.3484	-0.3117	0.1774
848	-0.2715	-0.3533	-0.2268
849	0.2715	-0.3533	-0.2268
850	0.0614	-0.2919	0.4012
851	-0.0614	-0.2919	0.4012
852	-0.3423	-0.3437	-0.1212
853	0.3423	-0.3437	-0.1212
854	-0.3100	-0.3503	-0.1765
855	0.3100	-0.3503	-0.1765
856	-0.0616	-0.3688	-0.3319
857	0.0616	-0.3688	-0.3319
858	0.3139	-0.3153	0.2282
859	-0.3139	-0.3153	0.2282
860	-0.3682	-0.3325	0.0617
861	0.3682	-0.3325	0.0617
862	-0.1211	-0.3060	0.3764
863	0.1211	-0.3060	0.3764
864	0.2738	-0.3164	0.2738
865	-0.2738	-0.3164	0.2738
866	0.1774	-0.3117	0.3484
867	-0.1774	-0.3117	0.3484
868	0.2282	-0.3153	0.3139
869	-0.2282	-0.3153	0.3139
870	-0.1206	-0.3788	-0.3033
871	0.1206	-0.3788	-0.3033
872	0.3536	-0.3536	0.0000
873	-0.3536	-0.3536	0.0000
874	0.0000	-0.3865	-0.3172
875	0.0000	-0.3172	0.3865
876	0.3423	-0.3437	0.1212
877	-0.3423	-0.3437	0.1212
878	-0.1754	-0.3843	-0.2674
879	0.1754	-0.3843	-0.2674
880	-0.3319	-0.3688	-0.0616
881	0.3319	-0.3688	-0.0616
882	-0.2246	-0.3861	-0.2246
883	0.2246	-0.3861	-0.2246
884	-0.3033	-0.3788	-0.1206
885	0.3033	-0.3788	-0.1206
886	-0.2674	-0.3843	-0.1754
887	0.2674	-0.3843	-0.1754
888	0.3100	-0.3503	0.1765
889	-0.3100	-0.3503	0.1765
890	-0.0617	-0.3325	0.3682
891	0.0617	-0.3325	0.3682
892	-0.0603	-0.4006	-0.2931
893	0.0603	-0.4006	-0.2931
894	0.3319	-0.3688	0.0616
895	-0.3319	-0.3688	0.0616
896	0.2715	-0.3533	0.2268
897	-0.2715	-0.3533	0.2268
898	0.1212	-0.3437	0.3423
899	-0.1212	-0.3437	0.3423
900	0.2268	-0.3533	0.2715
901	-0.2268	-0.3533	0.2715
902	0.1765	-0.3503	0.3100
903	-0.1765	-0.3503	0.3100
904	-0.1201	-0.4094	-0.2607
905	0.1201	-0.4094	-0.2607
906	0.3172	-0.3865	0.0000
907	-0.3172	-0.3865	0.0000
908	0.0000	-0.4157	-0.2778
909	0.0000	-0.3536	0.3536
910	0.3033	-0.3788	0.1206
911	-0.3033	-0.3788	0.1206
912	-0.1740	-0.4127	-0.2222
913	0.1740	-0.4127	-0.2222
914	0.2931	-0.4006	-0.0603
915	-0.2931	-0.4006	-0.0603
916	0.2222	-0.4127	-0.1740
917	-0.2222	-0.4127	-0.1740
918	-0.2607	-0.4094	-0.1201
919	0.2607	-0.4094	-0.1201
920	0.0616	-0.3688	0.3319
921	-0.0616	-0.3688	0.3319
922	0.2674	-0.3843	0.1754
923	-0.2674	-0.3843	0.1754
924	-0.0613	-0.4290	-0.2494
925	0.0613	-0.4290	-0.2494
926	-0.2931	-0.4006	0.0603
927	0.2931	-0.4006	0.0603
928	0.2246	-0.3861	0.2246
929	-0.2246	-0.3861	0.2246
930	0.1206	-0.3788	0.3033
931	-0.1206	-0.3788	0.3033
932	0.1754	-0.3843	0.2674
933	-0.1754	-0.3843	0.2674
934	-0.1193	-0.4353	-0.2151
935	0.1193	-0.4353	-0.2151
936	-0.2778	-0.4157	0.0000
937	0.2778	-0.4157	0.0000
938	0.0000	-0.4410	-0.2357
939	0.0000	-0.3865	0.3172
940	-0.1712	-0.4375	-0.1712
941	0.1712	-0.4375	-0.1712
942	0.2607	-0.4094	0.1201
943	-0.2607	-0.4094	0.1201
944	-0.2494	-0.4290	-0.0613
945	0.2494	-0.4290	-0.0613
946	-0.2151	-0.4353	-0.1193
947	0.2151	-0.4353	-0.1193
948	0.0603	-0.4006	0.2931
949	-0.0603	-0.4006	0.2931
950	-0.2222	-0.4127	0.1740
951	0.2222	-0.4127	0.1740
952	0.0623	-0.4517	-0.2051
953	-0.0623	-0.4517	-0.2051
954	0.1740	-0.4127	0.2222
955	-0.1740	-0.4127	0.2222
956	0.2494	-0.4290	0.0613
957	-0.2494	-0.4290	0.0613
958	0.1201	-0.4094	0.2607
959	-0.1201	-0.4094	0.2607
960	0.1190	-0.4565	-0.1657
961	-0.1190	-0.4565	-0.1657
962	-0.2357	-0.4410	0.0000
963	0.2357	-0.4410	0.0000
964	0.0000	-0.4619	-0.1913
965	0.0000	-0.4157	0.2778
966	0.1657	-0.4565	-0.1190
967	-0.1657	-0.4565	-0.1190
968	-0.2051	-0.4517	-0.0623
969	0.2051	-0.4517	-0.0623
970	0.2151	-0.4353	0.1193
971	-0.2151	-0.4353	0.1193
972	-0.0613	-0.4290	0.2494
973	0.0613	-0.4290	0.2494
974	0.1712	-0.4375	0.1712
975	-0.1712	-0.4375	0.1712
976	-0.0611	-0.4706	-0.1576
977	0.0611	-0.4706	-0.1576
978	0.1193	-0.4353	0.2151
979	-0.1193	-0.4353	0.2151
980	0.2051	-0.4517	0.0623
981	-0.2051	-0.4517	0.0623
982	0.1153	-0.4725	-0.1159
983	-0.1153	-0.4725	-0.1159
984	0.1913	-0.4619	0.0000
985	-0.1913	-0.4619	0.0000
986	0.0000	-0.4785	-0.1451
987	0.0000	-0.4410	0.2357
988	-0.1576	-0.4706	-0.0611
989	0.1576	-0.4706	-0.0611
990	0.1657	-0.4565	0.1190
991	-0.1657	-0.4565	0.1190
992	-0.0623	-0.4517	0.2051
993	0.0623	-0.4517	0.2051
994	-0.1190	-0.4565	0.1657
995	0.1190	-0.4565	0.1657
996	-0.0600	-0.4844	-0.1086
997	0.0600	-0.4844	-0.1086
998	0.1576	-0.4706	0.0611
999	-0.1576	-0.4706	0.0611
1000	-0.1086	-0.4844	-0.0600
1001	0.1086	-0.4844	-0.0600
1002	-0.1451	-0.4785	0.0000
1003	0.1451	-0.4785	0.0000
1004	0.0000	-0.4904	-0.0975
1005	0.0000	-0.4619	0.1913
1006	-0.1159	-0.4725	0.1153
1007	0.1153	-0.4725	0.1159
1008	0.0611	-0.4706	0.1576
1009	-0.0611	-0.4706	0.1576
1010	0.0574	-0.4934	-0.0574
1011	-0.0574	-0.4934	-0.0574
1012	0.1086	-0.4844	0.0600
1013	-0.1086	-0.4844	0.0600
1014	0.0975	-0.4904	0.0000
1015	-0.0975	-0.4904	0.0000
1016	0.0000	-0.4785	0.1451
1017	0.0000	-0.4976	-0.0490
1018	0.0600	-0.4844	0.1086
1019	-0.0600	-0.4844	0.1086
1020	-0.0490	-0.4976	0.0000
1021	0.0490	-0.4976	0.0000
1022	0.0574	-0.4934	0.0574
1023	-0.0574	-0.4934	0.0574
1024	0.0000	-0.4904	0.0975
1025	0.0000	-0.5000	0.0000
1026	0.0000	-0.4976	0.0490
# Elements
1	2	513	570	510
2	2	510	577	506
3	2	510	570	577
4	2	570	615	577
5	2	506	567	501
6	2	506	577	567
7	2	577	627	567
8	2	577	615	627
9	2	615	660	627
10	2	501	559	495
11	2	501	567	559
12	2	567	628	559
13	2	567	627	628
14	2	627	672	628
15	2	627	660	672
16	2	660	707	672
17	2	495	553	489
18	2	495	559	553
19	2	559	621	553
20	2	559	628	621
21	2	628	678	621
22	2	628	672	678
23	2	672	716	678
24	2	672	707	716
25	2	707	751	716
26	2	489	549	485
27	2	489	553	549
28	2	553	613	549
29	2	553	621	613
30	2	621	675	613
31	2	621	678	675
32	2	678	723	675
33	2	678	716	723
34	2	716	760	723
35	2	716	751	760
36	2	751	797	760
37	2	485	544	481
38	2	485	549	544
39	2	549	609	544
40	2	549	613	609
41	2	613	669	609
42	2	613	675	669
43	2	675	725	669
44	2	675	723	725
45	2	723	771	725
46	2	723	760	771
47	2	760	803	771
48	2	760	797	803
49	2	797	835	803
50	2	481	541	477
51	2	481	544	541
52	2	544	603	541
53	2	544	609	603
54	2	609	665	603
55	2	609	669	665
56	2	669	721	665
57	2	669	725	721
58	2	725	773	721
59	2	725	771	773
60	2	771	812	773
61	2	771	803	812
62	2	803	843	812
63	2	803	835	843
64	2	835	872	843
65	2	477	537	473
66	2	477	541	537
67	2	541	599	537
68	2	541	603	599
69	2	603	657	599
70	2	603	665	657
71	2	665	715	657
72	2	665	721	715
73	2	721	769	715
74	2	721	773	769
75	2	773	815	769
76	2	773	812	815
77	2	812	853	815
78	2	812	843	853
79	2	843	881	853
80	2	843	872	881
81	2	872	906	881
82	2	473	535	471
83	2	473	537	535
84	2	537	597	535
85	2	537	599	597
86	2	599	655	597
87	2	599	657	655
88	2	657	713	655
89	2	657	715	713
90	2	715	763	713
91	2	715	769	763
92	2	769	811	763
93	2	769	815	811
94	2	815	855	811
95	2	815	853	855
96	2	853	885	855
97	2	853	881	885
98	2	881	914	885
99	2	881	906	914
100	2	906	937	914
101	2	471	531	467
102	2	471	535	531
103	2	535	593	531
104	2	535	597	593
105	2	597	651	593
106	2	597	655	651
107	2	655	705	651
108	2	655	713	705
109	2	713	759	705
110	2	713	763	759
111	2	763	807	759
112	2	763	811	807
113	2	811	849	807
114	2	811	855	849
115	2	855	887	849
116	2	855	885	887
117	2	885	919	887
118	2	885	914	919
119	2	914	945	919
120	2	914	937	945
121	2	937	963	945
122	2	467	529	465
123	2	467	531	529
124	2	531	589	529
125	2	531	593	589
126	2	593	647	589
127	2	593	651	647
128	2	651	701	647
129	2	651	705	701
130	2	705	755	701
131	2	705	759	755
132	2	759	801	755
133	2	759	807	801
134	2	807	845	801
135	2	807	849	845
136	2	849	883	845
137	2	849	887	883
138	2	887	916	883
139	2	887	919	916
140	2	919	947	916
141	2	919	945	947
142	2	945	969	947
143	2	945	963	969
144	2	963	984	969
145	2	465	525	462
146	2	465	529	525
147	2	529	587	525
148	2	529	589	587
149	2	589	645	587
150	2	589	647	645
151	2	647	699	645
152	2	647	701	699
153	2	701	749	699
154	2	701	755	749
155	2	755	795	749
156	2	755	801	795
157	2	801	841	795
158	2	801	845	841
159	2	845	879	841
160	2	845	883	879
161	2	883	913	879
162	2	883	916	913
163	2	916	941	913
164	2	916	947	941
165	2	947	966	941
166	2	947	969	966
167	2	969	989	966
168	2	969	984	989
169	2	984	1003	989
170	2	462	523	458
171	2	462	525	523
172	2	525	583	523
173	2	525	587	583
174	2	587	640	583
175	2	587	645	640
176	2	645	695	640
177	2	645	699	695
178	2	699	745	695
179	2	699	749	745
180	2	749	791	745
181	2	749	795	791
182	2	795	833	791
183	2	795	841	833
184	2	841	871	833
185	2	841	879	871
186	2	879	905	871
187	2	879	913	905
188	2	913	935	905
189	2	913	941	935
190	2	941	960	935
191	2	941	966	960
192	2	966	982	960
193	2	966	989	982
194	2	989	1001	982
195	2	989	1003	1001
196	2	1003	1014	1001
197	2	458	519	456
198	2	458	523	519
199	2	523	579	519
200	2	523	583	579
201	2	583	637	579
202	2	583	640	637
203	2	640	687	637
204	2	640	695	687
205	2	695	730	687
206	2	695	745	730
207	2	745	775	730
208	2	745	791	775
209	2	791	818	775
210	2	791	833	818
211	2	833	857	818
212	2	833	871	857
213	2	871	893	857
214	2	871	905	893
215	2	905	925	893
216	2	905	935	925
217	2	935	952	925
218	2	935	960	952
219	2	960	977	952
220	2	960	982	977
221	2	982	997	977
222	2	982	1001	997
223	2	1001	1010	997
224	2	1001	1014	1010
225	2	1014	1021	1010
226	2	456	514	453
227	2	456	519	514
228	2	519	575	514
229	2	519	579	575
230	2	579	617	575
231	2	579	637	617
232	2	637	662	617
233	2	637	687	662
234	2	687	708	662
235	2	687	730	708
236	2	730	752	708
237	2	730	775	752
238	2	775	798	752
239	2	775	818	798
240	2	818	838	798
241	2	818	857	838
242	2	857	874	838
243	2	857	893	874
244	2	893	908	874
245	2	893	925	908
246	2	925	938	908
247	2	925	952	938
248	2	952	964	938
249	2	952	977	964
250	2	977	986	964
251	2	977	997	986
252	2	997	1004	986
253	2	997	1010	1004
254	2	1010	1017	1004
255	2	1010	1021	1017
256	2	1021	1025	1017
257	2	513	510	455
258	2	455	447	412
259	2	455	510	447
260	2	510	506	447
261	2	412	389	366
262	2	412	447	389
263	2	447	442	389
264	2	447	506	442
265	2	506	501	442
266	2	366	334	321
267	2	366	389	334
268	2	389	384	334
269	2	389	442	384
270	2	442	436	384
271	2	442	501	436
272	2	501	495	436
273	2	321	290	276
274	2	321	334	290
275	2	334	330	290
276	2	334	384	330
277	2	384	378	330
278	2	384	436	378
279	2	436	432	378
280	2	436	495	432
281	2	495	489	432
282	2	276	248	230
283	2	276	290	248
284	2	290	280	248
285	2	290	330	280
286	2	330	324	280
287	2	330	378	324
288	2	378	372	324
289	2	378	432	372
290	2	432	426	372
291	2	432	489	426
292	2	489	485	426
293	2	230	206	190
294	2	230	248	206
295	2	248	234	206
296	2	248	280	234
297	2	280	270	234
298	2	280	324	270
299	2	324	314	270
300	2	324	372	314
301	2	372	368	314
302	2	372	426	368
303	2	426	422	368
304	2	426	485	422
305	2	485	481	422
306	2	190	167	154
307	2	190	206	167
308	2	206	192	167
309	2	206	234	192
310	2	234	224	192
311	2	234	270	224
312	2	270	263	224
313	2	270	314	263
314	2	314	309	263
315	2	314	368	309
316	2	368	360	309
317	2	368	422	360
318	2	422	418	360
319	2	422	481	418
320	2	481	477	418
321	2	154	132	120
322	2	154	167	132
323	2	167	150	132
324	2	167	192	150
325	2	192	180	150
326	2	192	224	180
327	2	224	210	180
328	2	224	263	210
329	2	263	253	210
330	2	263	309	253
331	2	309	305	253
332	2	309	360	305
333	2	360	357	305
334	2	360	418	357
335	2	418	416	357
336	2	418	477	416
337	2	477	473	416
338	2	120	100	90
339	2	120	132	100
340	2	132	116	100
341	2	132	150	116
342	2	150	138	116
343	2	150	180	138
344	2	180	168	138
345	2	180	210	168
346	2	210	205	168
347	2	210	253	205
348	2	253	246	205
349	2	253	305	246
350	2	305	296	246
351	2	305	357	296
352	2	357	350	296
353	2	357	416	350
354	2	416	410	350
355	2	416	473	410
356	2	473	471	410
357	2	90	72	65
358	2	90	100	72
359	2	100	84	72
360	2	100	116	84
361	2	116	104	84
362	2	116	138	104
363	2	138	130	104
364	2	138	168	130
365	2	168	162	130
366	2	168	205	162
367	2	205	201	162
368	2	205	246	201
369	2	246	243	201
370	2	246	296	243
371	2	296	293	243
372	2	296	350	293
373	2	350	344	293
374	2	350	410	344
375	2	410	404	344
376	2	410	471	404
377	2	471	467	404
378	2	65	46	42
379	2	65	72	46
380	2	72	56	46
381	2	72	84	56
382	2	84	76	56
383	2	84	104	76
384	2	104	98	76
385	2	104	130	98
386	2	130	126	98
387	2	130	162	126
388	2	162	158	126
389	2	162	201	158
390	2	201	197	158
391	2	201	243	197
392	2	243	238	197
393	2	243	293	238
394	2	293	286	238
395	2	293	344	286
396	2	344	342	286
397	2	344	404	342
398	2	404	402	342
399	2	404	467	402
400	2	467	465	402
401	2	42	28	25
402	2	42	46	28
403	2	46	36	28
404	2	46	56	36
405	2	56	52	36
406	2	56	76	52
407	2	76	68	52
408	2	76	98	68
409	2	98	94	68
410	2	98	126	94
411	2	126	124	94
412	2	126	158	124
413	2	158	160	124
414	2	158	197	160
415	2	197	198	160
416	2	197	238	198
417	2	238	240	198
418	2	238	286	240
419	2	286	284	240
420	2	286	342	284
421	2	342	337	284
422	2	342	402	337
423	2	402	396	337
424	2	402	465	396
425	2	465	462	396
426	2	25	14	12
427	2	25	28	14
428	2	28	20	14
429	2	28	36	20
430	2	36	32	20
431	2	36	52	32
432	2	52	48	32
433	2	52	68	48
434	2	68	70	48
435	2	68	94	70
436	2	94	96	70
437	2	94	124	96
438	2	124	128	96
439	2	124	160	128
440	2	160	164	128
441	2	160	198	164
442	2	198	202	164
443	2	198	240	202
444	2	240	244	202
445	2	240	284	244
446	2	284	289	244
447	2	284	337	289
448	2	337	338	289
449	2	337	396	338
450	2	396	392	338
451	2	396	462	392
452	2	462	458	392
453	2	12	4	6
454	2	12	14	4
455	2	14	8	4
456	2	14	20	8
457	2	20	18	8
458	2	20	32	18
459	2	32	34	18
460	2	32	48	34
461	2	48	54	34
462	2	48	70	54
463	2	70	79	54
464	2	70	96	79
465	2	96	106	79
466	2	96	128	106
467	2	128	137	106
468	2	128	164	137
469	2	164	175	137
470	2	164	202	175
471	2	202	219	175
472	2	202	244	219
473	2	244	260	219
474	2	244	289	260
475	2	289	298	260
476	2	289	338	298
477	2	338	346	298
478	2	338	392	346
479	2	392	394	346
480	2	392	458	394
481	2	458	456	394
482	2	6	1	2
483	2	6	4	1
484	2	4	3	1
485	2	4	8	3
486	2	8	11	3
487	2	8	18	11
488	2	18	22	11
489	2	18	34	22
490	2	34	40	22
491	2	34	54	40
492	2	54	62	40
493	2	54	79	62
494	2	79	88	62
495	2	79	106	88
496	2	106	118	88
497	2	106	137	118
498	2	137	152	118
499	2	137	175	152
500	2	175	188	152
501	2	175	219	188
502	2	219	228	188
503	2	219	260	228
504	2	260	274	228
505	2	260	298	274
506	2	298	318	274
507	2	298	346	318
508	2	346	364	318
509	2	346	394	364
510	2	394	409	364
511	2	394	456	409
512	2	456	453	409
513	2	453	514	457
514	2	457	518	459
515	2	457	514	518
516	2	514	575	518
517	2	459	522	463
518	2	459	518	522
519	2	518	578	522
520	2	518	575	578
521	2	575	617	578
522	2	463	524	464
523	2	463	522	524
524	2	522	582	524
525	2	522	578	582
526	2	578	636	582
527	2	578	617	636
528	2	617	662	636
529	2	464	528	466
530	2	464	524	528
531	2	524	586	528
532	2	524	582	586
533	2	582	641	586
534	2	582	636	641
535	2	636	686	641
536	2	636	662	686
537	2	662	708	686
538	2	466	530	470
539	2	466	528	530
540	2	528	588	530
541	2	528	586	588
542	2	586	644	588
543	2	586	641	644
544	2	641	694	644
545	2	641	686	694
546	2	686	731	694
547	2	686	708	731
548	2	708	752	731
549	2	470	534	472
550	2	470	530	534
551	2	530	592	534
552	2	530	588	592
553	2	588	646	592
554	2	588	644	646
555	2	644	698	646
556	2	644	694	698
557	2	694	744	698
558	2	694	731	744
559	2	731	774	744
560	2	731	752	774
561	2	752	798	774
562	2	472	536	476
563	2	472	534	536
564	2	534	596	536
565	2	534	592	596
566	2	592	650	596
567	2	592	646	650
568	2	646	700	650
569	2	646	698	700
570	2	698	748	700
571	2	698	744	748
572	2	744	790	748
573	2	744	774	790
574	2	774	819	790
575	2	774	798	819
576	2	798	838	819
577	2	476	540	480
578	2	476	536	540
579	2	536	598	540
580	2	536	596	598
581	2	596	654	598
582	2	596	650	654
583	2	650	704	654
584	2	650	700	704
585	2	700	754	704
586	2	700	748	754
587	2	748	794	754
588	2	748	790	794
589	2	790	832	794
590	2	790	819	832
591	2	819	856	832
592	2	819	838	856
593	2	838	874	856
594	2	480	545	484
595	2	480	540	545
596	2	540	602	545
597	2	540	598	602
598	2	598	656	602
599	2	598	654	656
600	2	654	712	656
601	2	654	704	712
602	2	704	758	712
603	2	704	754	758
604	2	754	800	758
605	2	754	794	800
606	2	794	840	800
607	2	794	832	840
608	2	832	870	840
609	2	832	856	870
610	2	856	892	870
611	2	856	874	892
612	2	874	908	892
613	2	484	548	488
614	2	484	545	548
615	2	545	608	548
616	2	545	602	608
617	2	602	664	608
618	2	602	656	664
619	2	656	714	664
620	2	656	712	714
621	2	712	762	714
622	2	712	758	762
623	2	758	806	762
624	2	758	800	806
625	2	800	844	806
626	2	800	840	844
627	2	840	878	844
628	2	840	870	878
629	2	870	904	878
630	2	870	892	904
631	2	892	924	904
632	2	892	908	924
633	2	908	938	924
634	2	488	552	494
635	2	488	548	552
636	2	548	612	552
637	2	548	608	612
638	2	608	668	612
639	2	608	664	668
640	2	664	720	668
641	2	664	714	720
642	2	714	768	720
643	2	714	762	768
644	2	762	810	768
645	2	762	806	810
646	2	806	848	810
647	2	806	844	848
648	2	844	882	848
649	2	844	878	882
650	2	878	912	882
651	2	878	904	912
652	2	904	934	912
653	2	904	924	934
654	2	924	953	934
655	2	924	938	953
656	2	938	964	953
657	2	494	558	500
658	2	494	552	558
659	2	552	620	558
660	2	552	612	620
661	2	612	674	620
662	2	612	668	674
663	2	668	724	674
664	2	668	720	724
665	2	720	772	724
666	2	720	768	772
667	2	768	814	772
668	2	768	810	814
669	2	810	854	814
670	2	810	848	854
671	2	848	886	854
672	2	848	882	886
673	2	882	917	886
674	2	882	912	917
675	2	912	940	917
676	2	912	934	940
677	2	934	961	940
678	2	934	953	961
679	2	953	976	961
680	2	953	964	976
681	2	964	986	976
682	2	500	566	507
683	2	500	558	566
684	2	558	629	566
685	2	558	620	629
686	2	620	679	629
687	2	620	674	679
688	2	674	722	679
689	2	674	724	722
690	2	724	770	722
691	2	724	772	770
692	2	772	813	770
693	2	772	814	813
694	2	814	852	813
695	2	814	854	852
696	2	854	884	852
697	2	854	886	884
698	2	886	918	884
699	2	886	917	918
700	2	917	946	918
701	2	917	940	946
702	2	940	967	946
703	2	940	961	967
704	2	961	983	967
705	2	961	976	983
706	2	976	996	983
707	2	976	986	996
708	2	986	1004	996
709	2	507	576	511
710	2	507	566	576
711	2	566	626	576
712	2	566	629	626
713	2	629	673	626
714	2	629	679	673
715	2	679	717	673
716	2	679	722	717
717	2	722	761	717
718	2	722	770	761
719	2	770	802	761
720	2	770	813	802
721	2	813	842	802
722	2	813	852	842
723	2	852	880	842
724	2	852	884	880
725	2	884	915	880
726	2	884	918	915
727	2	918	944	915
728	2	918	946	944
729	2	946	968	944
730	2	946	967	968
731	2	967	988	968
732	2	967	983	988
733	2	983	1000	988
734	2	983	996	1000
735	2	996	1011	1000
736	2	996	1004	1011
737	2	1004	1017	1011
738	2	511	571	512
739	2	511	576	571
740	2	576	614	571
741	2	576	626	614
742	2	626	661	614
743	2	626	673	661
744	2	673	706	661
745	2	673	717	706
746	2	717	750	706
747	2	717	761	750
748	2	761	796	750
749	2	761	802	796
750	2	802	834	796
751	2	802	842	834
752	2	842	873	834
753	2	842	880	873
754	2	880	907	873
755	2	880	915	907
756	2	915	936	907
757	2	915	944	936
758	2	944	962	936
759	2	944	968	962
760	2	968	985	962
761	2	968	988	985
762	2	988	1002	985
763	2	988	1000	1002
764	2	1000	1015	1002
765	2	1000	1011	1015
766	2	1011	1020	1015
767	2	1011	1017	1020
768	2	1017	1025	1020
769	2	2	1	7
770	2	7	5	13
771	2	7	1	5
772	2	1	3	5
773	2	13	15	24
774	2	13	5	15
775	2	5	9	15
776	2	5	3	9
777	2	3	11	9
778	2	24	29	43
779	2	24	15	29
780	2	15	21	29
781	2	15	9	21
782	2	9	19	21
783	2	9	11	19
784	2	11	22	19
785	2	43	47	64
786	2	43	29	47
787	2	29	37	47
788	2	29	21	37
789	2	21	33	37
790	2	21	19	33
791	2	19	35	33
792	2	19	22	35
793	2	22	40	35
794	2	64	73	91
795	2	64	47	73
796	2	47	57	73
797	2	47	37	57
798	2	37	53	57
799	2	37	33	53
800	2	33	49	53
801	2	33	35	49
802	2	35	55	49
803	2	35	40	55
804	2	40	62	55
805	2	91	101	121
806	2	91	73	101
807	2	73	85	101
808	2	73	57	85
809	2	57	77	85
810	2	57	53	77
811	2	53	69	77
812	2	53	49	69
813	2	49	71	69
814	2	49	55	71
815	2	55	78	71
816	2	55	62	78
817	2	62	88	78
818	2	121	133	155
819	2	121	101	133
820	2	101	117	133
821	2	101	85	117
822	2	85	105	117
823	2	85	77	105
824	2	77	99	105
825	2	77	69	99
826	2	69	95	99
827	2	69	71	95
828	2	71	97	95
829	2	71	78	97
830	2	78	107	97
831	2	78	88	107
832	2	88	118	107
833	2	155	166	191
834	2	155	133	166
835	2	133	151	166
836	2	133	117	151
837	2	117	139	151
838	2	117	105	139
839	2	105	131	139
840	2	105	99	131
841	2	99	127	131
842	2	99	95	127
843	2	95	125	127
844	2	95	97	125
845	2	97	129	125
846	2	97	107	129
847	2	107	136	129
848	2	107	118	136
849	2	118	152	136
850	2	191	207	231
851	2	191	166	207
852	2	166	193	207
853	2	166	151	193
854	2	151	181	193
855	2	151	139	181
856	2	139	169	181
857	2	139	131	169
858	2	131	163	169
859	2	131	127	163
860	2	127	159	163
861	2	127	125	159
862	2	125	161	159
863	2	125	129	161
864	2	129	165	161
865	2	129	136	165
866	2	136	174	165
867	2	136	152	174
868	2	152	188	174
869	2	231	249	277
870	2	231	207	249
871	2	207	235	249
872	2	207	193	235
873	2	193	225	235
874	2	193	181	225
875	2	181	211	225
876	2	181	169	211
877	2	169	204	211
878	2	169	163	204
879	2	163	200	204
880	2	163	159	200
881	2	159	196	200
882	2	159	161	196
883	2	161	199	196
884	2	161	165	199
885	2	165	203	199
886	2	165	174	203
887	2	174	218	203
888	2	174	188	218
889	2	188	228	218
890	2	277	291	320
891	2	277	249	291
892	2	249	281	291
893	2	249	235	281
894	2	235	271	281
895	2	235	225	271
896	2	225	262	271
897	2	225	211	262
898	2	211	252	262
899	2	211	204	252
900	2	204	247	252
901	2	204	200	247
902	2	200	242	247
903	2	200	196	242
904	2	196	239	242
905	2	196	199	239
906	2	199	241	239
907	2	199	203	241
908	2	203	245	241
909	2	203	218	245
910	2	218	261	245
911	2	218	228	261
912	2	228	274	261
913	2	320	335	367
914	2	320	291	335
915	2	291	331	335
916	2	291	281	331
917	2	281	325	331
918	2	281	271	325
919	2	271	315	325
920	2	271	262	315
921	2	262	308	315
922	2	262	252	308
923	2	252	304	308
924	2	252	247	304
925	2	247	297	304
926	2	247	242	297
927	2	242	292	297
928	2	242	239	292
929	2	239	287	292
930	2	239	241	287
931	2	241	285	287
932	2	241	245	285
933	2	245	288	285
934	2	245	261	288
935	2	261	299	288
936	2	261	274	299
937	2	274	318	299
938	2	367	388	413
939	2	367	335	388
940	2	335	385	388
941	2	335	331	385
942	2	331	379	385
943	2	331	325	379
944	2	325	373	379
945	2	325	315	373
946	2	315	369	373
947	2	315	308	369
948	2	308	361	369
949	2	308	304	361
950	2	304	356	361
951	2	304	297	356
952	2	297	351	356
953	2	297	292	351
954	2	292	345	351
955	2	292	287	345
956	2	287	343	345
957	2	287	285	343
958	2	285	336	343
959	2	285	288	336
960	2	288	339	336
961	2	288	299	339
962	2	299	347	339
963	2	299	318	347
964	2	318	364	347
965	2	413	446	454
966	2	413	388	446
967	2	388	443	446
968	2	388	385	443
969	2	385	437	443
970	2	385	379	437
971	2	379	433	437
972	2	379	373	433
973	2	373	427	433
974	2	373	369	427
975	2	369	423	427
976	2	369	361	423
977	2	361	419	423
978	2	361	356	419
979	2	356	417	419
980	2	356	351	417
981	2	351	411	417
982	2	351	345	411
983	2	345	405	411
984	2	345	343	405
985	2	343	403	405
986	2	343	336	403
987	2	336	397	403
988	2	336	339	397
989	2	339	393	397
990	2	339	347	393
991	2	347	395	393
992	2	347	364	395
993	2	364	409	395
994	2	454	511	512
995	2	454	446	511
996	2	446	507	511
997	2	446	443	507
998	2	443	500	507
999	2	443	437	500
1000	2	437	494	500
1001	2	437	433	494
1002	2	433	488	494
1003	2	433	427	488
1004	2	427	484	488
1005	2	427	423	484
1006	2	423	480	484
1007	2	423	419	480
1008	2	419	476	480
1009	2	419	417	476
1010	2	417	472	476
1011	2	417	411	472
1012	2	411	470	472
1013	2	411	405	470
1014	2	405	466	470
1015	2	405	403	466
1016	2	403	464	466
1017	2	403	397	464
1018	2	397	463	464
1019	2	397	393	463
1020	2	393	459	463
1021	2	393	395	459
1022	2	395	457	459
1023	2	395	409	457
1024	2	409	453	457
1025	2	512	571	516
1026	2	516	581	521
1027	2	516	571	581
1028	2	571	614	581
1029	2	521	585	527
1030	2	521	581	585
1031	2	581	639	585
1032	2	581	614	639
1033	2	614	661	639
1034	2	527	591	532
1035	2	527	585	591
1036	2	585	643	591
1037	2	585	639	643
1038	2	639	693	643
1039	2	639	661	693
1040	2	661	706	693
1041	2	532	595	538
1042	2	532	591	595
1043	2	591	649	595
1044	2	591	643	649
1045	2	643	697	649
1046	2	643	693	697
1047	2	693	737	697
1048	2	693	706	737
1049	2	706	750	737
1050	2	538	601	542
1051	2	538	595	601
1052	2	595	653	601
1053	2	595	649	653
1054	2	649	703	653
1055	2	649	697	703
1056	2	697	747	703
1057	2	697	737	747
1058	2	737	778	747
1059	2	737	750	778
1060	2	750	796	778
1061	2	542	604	546
1062	2	542	601	604
1063	2	601	659	604
1064	2	601	653	659
1065	2	653	711	659
1066	2	653	703	711
1067	2	703	757	711
1068	2	703	747	757
1069	2	747	792	757
1070	2	747	778	792
1071	2	778	820	792
1072	2	778	796	820
1073	2	796	834	820
1074	2	546	606	550
1075	2	546	604	606
1076	2	604	667	606
1077	2	604	659	667
1078	2	659	719	667
1079	2	659	711	719
1080	2	711	765	719
1081	2	711	757	765
1082	2	757	805	765
1083	2	757	792	805
1084	2	792	836	805
1085	2	792	820	836
1086	2	820	860	836
1087	2	820	834	860
1088	2	834	873	860
1089	2	550	610	554
1090	2	550	606	610
1091	2	606	671	610
1092	2	606	667	671
1093	2	667	727	671
1094	2	667	719	727
1095	2	719	777	727
1096	2	719	765	777
1097	2	765	817	777
1098	2	765	805	817
1099	2	805	847	817
1100	2	805	836	847
1101	2	836	877	847
1102	2	836	860	877
1103	2	860	895	877
1104	2	860	873	895
1105	2	873	907	895
1106	2	554	618	556
1107	2	554	610	618
1108	2	610	677	618
1109	2	610	671	677
1110	2	671	733	677
1111	2	671	727	733
1112	2	727	781	733
1113	2	727	777	781
1114	2	777	823	781
1115	2	777	817	823
1116	2	817	859	823
1117	2	817	847	859
1118	2	847	889	859
1119	2	847	877	889
1120	2	877	911	889
1121	2	877	895	911
1122	2	895	926	911
1123	2	895	907	926
1124	2	907	936	926
1125	2	556	622	560
1126	2	556	618	622
1127	2	618	683	622
1128	2	618	677	683
1129	2	677	735	683
1130	2	677	733	735
1131	2	733	785	735
1132	2	733	781	785
1133	2	781	827	785
1134	2	781	823	827
1135	2	823	865	827
1136	2	823	859	865
1137	2	859	897	865
1138	2	859	889	897
1139	2	889	923	897
1140	2	889	911	923
1141	2	911	943	923
1142	2	911	926	943
1143	2	926	957	943
1144	2	926	936	957
1145	2	936	962	957
1146	2	560	624	562
1147	2	560	622	624
1148	2	622	684	624
1149	2	622	683	684
1150	2	683	741	684
1151	2	683	735	741
1152	2	735	789	741
1153	2	735	785	789
1154	2	785	831	789
1155	2	785	827	831
1156	2	827	869	831
1157	2	827	865	869
1158	2	865	901	869
1159	2	865	897	901
1160	2	897	929	901
1161	2	897	923	929
1162	2	923	950	929
1163	2	923	943	950
1164	2	943	971	950
1165	2	943	957	971
1166	2	957	981	971
1167	2	957	962	981
1168	2	962	985	981
1169	2	562	630	564
1170	2	562	624	630
1171	2	624	690	630
1172	2	624	684	690
1173	2	684	742	690
1174	2	684	741	742
1175	2	741	787	742
1176	2	741	789	787
1177	2	789	829	787
1178	2	789	831	829
1179	2	831	867	829
1180	2	831	869	867
1181	2	869	903	867
1182	2	869	901	903
1183	2	901	933	903
1184	2	901	929	933
1185	2	929	955	933
1186	2	929	950	955
1187	2	950	975	955
1188	2	950	971	975
1189	2	971	991	975
1190	2	971	981	991
1191	2	981	999	991
1192	2	981	985	999
1193	2	985	1002	999
1194	2	564	635	568
1195	2	564	630	635
1196	2	630	689	635
1197	2	630	690	689
1198	2	690	738	689
1199	2	690	742	738
1200	2	742	782	738
1201	2	742	787	782
1202	2	787	824	782
1203	2	787	829	824
1204	2	829	862	824
1205	2	829	867	862
1206	2	867	899	862
1207	2	867	903	899
1208	2	903	931	899
1209	2	903	933	931
1210	2	933	959	931
1211	2	933	955	959
1212	2	955	979	959
1213	2	955	975	979
1214	2	975	994	979
1215	2	975	991	994
1216	2	991	1006	994
1217	2	991	999	1006
1218	2	999	1013	1006
1219	2	999	1002	1013
1220	2	1002	1015	1013
1221	2	568	633	573
1222	2	568	635	633
1223	2	635	681	633
1224	2	635	689	681
1225	2	689	729	681
1226	2	689	738	729
1227	2	738	767	729
1228	2	738	782	767
1229	2	782	808	767
1230	2	782	824	808
1231	2	824	851	808
1232	2	824	862	851
1233	2	862	890	851
1234	2	862	899	890
1235	2	899	921	890
1236	2	899	931	921
1237	2	931	949	921
1238	2	931	959	949
1239	2	959	972	949
1240	2	959	979	972
1241	2	979	992	972
1242	2	979	994	992
1243	2	994	1009	992
1244	2	994	1006	1009
1245	2	1006	1019	1009
1246	2	1006	1013	1019
1247	2	1013	1023	1019
1248	2	1013	1015	1023
1249	2	1015	1020	1023
1250	2	573	616	574
1251	2	573	633	616
1252	2	633	663	616
1253	2	633	681	663
1254	2	681	709	663
1255	2	681	729	709
1256	2	729	753	709
1257	2	729	767	753
1258	2	767	799	753
1259	2	767	808	799
1260	2	808	839	799
1261	2	808	851	839
1262	2	851	875	839
1263	2	851	890	875
1264	2	890	909	875
1265	2	890	921	909
1266	2	921	939	909
1267	2	921	949	939
1268	2	949	965	939
1269	2	949	972	965
1270	2	972	987	965
1271	2	972	992	987
1272	2	992	1005	987
1273	2	992	1009	1005
1274	2	1009	1016	1005
1275	2	1009	1019	1016
1276	2	1019	1024	1016
1277	2	1019	1023	1024
1278	2	1023	1026	1024
1279	2	1023	1020	1026
1280	2	1020	1025	1026
1281	2	2	7	10
1282	2	10	17	23
1283	2	10	7	17
1284	2	7	13	17
1285	2	23	31	41
1286	2	23	17	31
1287	2	17	27	31
1288	2	17	13	27
1289	2	13	24	27
1290	2	41	51	63
1291	2	41	31	51
1292	2	31	45	51
1293	2	31	27	45
1294	2	27	39	45
1295	2	27	24	39
1296	2	24	43	39
1297	2	63	75	89
1298	2	63	51	75
1299	2	51	67	75
1300	2	51	45	67
1301	2	45	61	67
1302	2	45	39	61
1303	2	39	59	61
1304	2	39	43	59
1305	2	43	64	59
1306	2	89	103	119
1307	2	89	75	103
1308	2	75	93	103
1309	2	75	67	93
1310	2	67	87	93
1311	2	67	61	87
1312	2	61	81	87
1313	2	61	59	81
1314	2	59	82	81
1315	2	59	64	82
1316	2	64	91	82
1317	2	119	134	153
1318	2	119	103	134
1319	2	103	123	134
1320	2	103	93	123
1321	2	93	115	123
1322	2	93	87	115
1323	2	87	111	115
1324	2	87	81	111
1325	2	81	109	111
1326	2	81	82	109
1327	2	82	113	109
1328	2	82	91	113
1329	2	91	121	113
1330	2	153	170	189
1331	2	153	134	170
1332	2	134	157	170
1333	2	134	123	157
1334	2	123	149	157
1335	2	123	115	149
1336	2	115	145	149
1337	2	115	111	145
1338	2	111	141	145
1339	2	111	109	141
1340	2	109	143	141
1341	2	109	113	143
1342	2	113	147	143
1343	2	113	121	147
1344	2	121	155	147
1345	2	189	209	229
1346	2	189	170	209
1347	2	170	195	209
1348	2	170	157	195
1349	2	157	187	195
1350	2	157	149	187
1351	2	149	183	187
1352	2	149	145	183
1353	2	145	179	183
1354	2	145	141	179
1355	2	141	173	179
1356	2	141	143	173
1357	2	143	177	173
1358	2	143	147	177
1359	2	147	184	177
1360	2	147	155	184
1361	2	155	191	184
1362	2	229	251	275
1363	2	229	209	251
1364	2	209	237	251
1365	2	209	195	237
1366	2	195	233	237
1367	2	195	187	233
1368	2	187	227	233
1369	2	187	183	227
1370	2	183	221	227
1371	2	183	179	221
1372	2	179	215	221
1373	2	179	173	215
1374	2	173	213	215
1375	2	173	177	213
1376	2	177	217	213
1377	2	177	184	217
1378	2	184	222	217
1379	2	184	191	222
1380	2	191	231	222
1381	2	275	294	319
1382	2	275	251	294
1383	2	251	283	294
1384	2	251	237	283
1385	2	237	279	283
1386	2	237	233	279
1387	2	233	273	279
1388	2	233	227	273
1389	2	227	269	273
1390	2	227	221	269
1391	2	221	264	269
1392	2	221	215	264
1393	2	215	258	264
1394	2	215	213	258
1395	2	213	255	258
1396	2	213	217	255
1397	2	217	257	255
1398	2	217	222	257
1399	2	222	267	257
1400	2	222	231	267
1401	2	231	277	267
1402	2	319	340	365
1403	2	319	294	340
1404	2	294	333	340
1405	2	294	283	333
1406	2	283	329	333
1407	2	283	279	329
1408	2	279	326	329
1409	2	279	273	326
1410	2	273	323	326
1411	2	273	269	323
1412	2	269	317	323
1413	2	269	264	317
1414	2	264	313	317
1415	2	264	258	313
1416	2	258	307	313
1417	2	258	255	307
1418	2	255	301	307
1419	2	255	257	301
1420	2	257	302	301
1421	2	257	267	302
1422	2	267	311	302
1423	2	267	277	311
1424	2	277	320	311
1425	2	365	390	408
1426	2	365	340	390
1427	2	340	387	390
1428	2	340	333	387
1429	2	333	383	387
1430	2	333	329	383
1431	2	329	381	383
1432	2	329	326	381
1433	2	326	377	381
1434	2	326	323	377
1435	2	323	374	377
1436	2	323	317	374
1437	2	317	371	374
1438	2	317	313	371
1439	2	313	362	371
1440	2	313	307	362
1441	2	307	359	362
1442	2	307	301	359
1443	2	301	353	359
1444	2	301	302	353
1445	2	302	348	353
1446	2	302	311	348
1447	2	311	355	348
1448	2	311	320	355
1449	2	320	367	355
1450	2	408	448	452
1451	2	408	390	448
1452	2	390	445	448
1453	2	390	387	445
1454	2	387	441	445
1455	2	387	383	441
1456	2	383	439	441
1457	2	383	381	439
1458	2	381	435	439
1459	2	381	377	435
1460	2	377	430	435
1461	2	377	374	430
1462	2	374	429	430
1463	2	374	371	429
1464	2	371	425	429
1465	2	371	362	425
1466	2	362	421	425
1467	2	362	359	421
1468	2	359	415	421
1469	2	359	353	415
1470	2	353	406	415
1471	2	353	348	406
1472	2	348	399	406
1473	2	348	355	399
1474	2	355	401	399
1475	2	355	367	401
1476	2	367	413	401
1477	2	452	508	515
1478	2	452	448	508
1479	2	448	505	508
1480	2	448	445	505
1481	2	445	503	505
1482	2	445	441	503
1483	2	441	499	503
1484	2	441	439	499
1485	2	439	497	499
1486	2	439	435	497
1487	2	435	493	497
1488	2	435	430	493
1489	2	430	491	493
1490	2	430	429	491
1491	2	429	487	491
1492	2	429	425	487
1493	2	425	483	487
1494	2	425	421	483
1495	2	421	479	483
1496	2	421	415	479
1497	2	415	475	479
1498	2	415	406	475
1499	2	406	469	475
1500	2	406	399	469
1501	2	399	461	469
1502	2	399	401	461
1503	2	401	451	461
1504	2	401	413	451
1505	2	413	454	451
1506	2	515	573	574
1507	2	515	508	573
1508	2	508	568	573
1509	2	508	505	568
1510	2	505	564	568
1511	2	505	503	564
1512	2	503	562	564
1513	2	503	499	562
1514	2	499	560	562
1515	2	499	497	560
1516	2	497	556	560
1517	2	497	493	556
1518	2	493	554	556
1519	2	493	491	554
1520	2	491	550	554
1521	2	491	487	550
1522	2	487	546	550
1523	2	487	483	546
1524	2	483	542	546
1525	2	483	479	542
1526	2	479	538	542
1527	2	479	475	538
1528	2	475	532	538
1529	2	475	469	532
1530	2	469	527	532
1531	2	469	461	527
1532	2	461	521	527
1533	2	461	451	521
1534	2	451	516	521
1535	2	451	454	516
1536	2	454	512	516
1537	2	1025	1021	1026
1538	2	1026	1022	1024
1539	2	1026	1021	1022
1540	2	1021	1014	1022
1541	2	1024	1018	1016
1542	2	1024	1022	1018
1543	2	1022	1012	1018
1544	2	1022	1014	1012
1545	2	1014	1003	1012
1546	2	1016	1008	1005
1547	2	1016	1018	1008
1548	2	1018	1007	1008
1549	2	1018	1012	1007
1550	2	1012	998	1007
1551	2	1012	1003	998
1552	2	1003	984	998
1553	2	1005	993	987
1554	2	1005	1008	993
1555	2	1008	995	993
1556	2	1008	1007	995
1557	2	1007	990	995
1558	2	1007	998	990
1559	2	998	980	990
1560	2	998	984	980
1561	2	984	963	980
1562	2	987	973	965
1563	2	987	993	973
1564	2	993	978	973
1565	2	993	995	978
1566	2	995	974	978
1567	2	995	990	974
1568	2	990	970	974
1569	2	990	980	970
1570	2	980	956	970
1571	2	980	963	956
1572	2	963	937	956
1573	2	965	948	939
1574	2	965	973	948
1575	2	973	958	948
1576	2	973	978	958
1577	2	978	954	958
1578	2	978	974	954
1579	2	974	951	954
1580	2	974	970	951
1581	2	970	942	951
1582	2	970	956	942
1583	2	956	927	942
1584	2	956	937	927
1585	2	937	906	927
1586	2	939	920	909
1587	2	939	948	920
1588	2	948	930	920
1589	2	948	958	930
1590	2	958	932	930
1591	2	958	954	932
1592	2	954	928	932
1593	2	954	951	928
1594	2	951	922	928
1595	2	951	942	922
1596	2	942	910	922
1597	2	942	927	910
1598	2	927	894	910
1599	2	927	906	894
1600	2	906	872	894
1601	2	909	891	875
1602	2	909	920	891
1603	2	920	898	891
1604	2	920	930	898
1605	2	930	902	898
1606	2	930	932	902
1607	2	932	900	902
1608	2	932	928	900
1609	2	928	896	900
1610	2	928	922	896
1611	2	922	888	896
1612	2	922	910	888
1613	2	910	876	888
1614	2	910	894	876
1615	2	894	861	876
1616	2	894	872	861
1617	2	872	835	861
1618	2	875	850	839
1619	2	875	891	850
1620	2	891	863	850
1621	2	891	898	863
1622	2	898	866	863
1623	2	898	902	866
1624	2	902	868	866
1625	2	902	900	868
1626	2	900	864	868
1627	2	900	896	864
1628	2	896	858	864
1629	2	896	888	858
1630	2	888	846	858
1631	2	888	876	846
1632	2	876	837	846
1633	2	876	861	837
1634	2	861	821	837
1635	2	861	835	821
1636	2	835	797	821
1637	2	839	809	799
1638	2	839	850	809
1639	2	850	825	809
1640	2	850	863	825
1641	2	863	828	825
1642	2	863	866	828
1643	2	866	830	828
1644	2	866	868	830
1645	2	868	826	830
1646	2	868	864	826
1647	2	864	822	826
1648	2	864	858	822
1649	2	858	816	822
1650	2	858	846	816
1651	2	846	804	816
1652	2	846	837	804
1653	2	837	793	804
1654	2	837	821	793
1655	2	821	779	793
1656	2	821	797	779
1657	2	797	751	779
1658	2	799	766	753
1659	2	799	809	766
1660	2	809	783	766
1661	2	809	825	783
1662	2	825	786	783
1663	2	825	828	786
1664	2	828	788	786
1665	2	828	830	788
1666	2	830	784	788
1667	2	830	826	784
1668	2	826	780	784
1669	2	826	822	780
1670	2	822	776	780
1671	2	822	816	776
1672	2	816	764	776
1673	2	816	804	764
1674	2	804	756	764
1675	2	804	793	756
1676	2	793	746	756
1677	2	793	779	746
1678	2	779	736	746
1679	2	779	751	736
1680	2	751	707	736
1681	2	753	728	709
1682	2	753	766	728
1683	2	766	739	728
1684	2	766	783	739
1685	2	783	743	739
1686	2	783	786	743
1687	2	786	740	743
1688	2	786	788	740
1689	2	788	734	740
1690	2	788	784	734
1691	2	784	732	734
1692	2	784	780	732
1693	2	780	726	732
1694	2	780	776	726
1695	2	776	718	726
1696	2	776	764	718
1697	2	764	710	718
1698	2	764	756	710
1699	2	756	702	710
1700	2	756	746	702
1701	2	746	696	702
1702	2	746	736	696
1703	2	736	692	696
1704	2	736	707	692
1705	2	707	660	692
1706	2	709	680	663
1707	2	709	728	680
1708	2	728	688	680
1709	2	728	739	688
1710	2	739	691	688
1711	2	739	743	691
1712	2	743	685	691
1713	2	743	740	685
1714	2	740	682	685
1715	2	740	734	682
1716	2	734	676	682
1717	2	734	732	676
1718	2	732	670	676
1719	2	732	726	670
1720	2	726	666	670
1721	2	726	718	666
1722	2	718	658	666
1723	2	718	710	658
1724	2	710	652	658
1725	2	710	702	652
1726	2	702	648	652
1727	2	702	696	648
1728	2	696	642	648
1729	2	696	692	642
1730	2	692	638	642
1731	2	692	660	638
1732	2	660	615	638
1733	2	663	632	616
1734	2	663	680	632
1735	2	680	634	632
1736	2	680	688	634
1737	2	688	631	634
1738	2	688	691	631
1739	2	691	625	631
1740	2	691	685	625
1741	2	685	623	625
1742	2	685	682	623
1743	2	682	619	623
1744	2	682	676	619
1745	2	676	611	619
1746	2	676	670	611
1747	2	670	607	611
1748	2	670	666	607
1749	2	666	605	607
1750	2	666	658	605
1751	2	658	600	605
1752	2	658	652	600
1753	2	652	594	600
1754	2	652	648	594
1755	2	648	590	594
1756	2	648	642	590
1757	2	642	584	590
1758	2	642	638	584
1759	2	638	580	584
1760	2	638	615	580
1761	2	615	570	580
1762	2	616	572	574
1763	2	616	632	572
1764	2	632	569	572
1765	2	632	634	569
1766	2	634	565	569
1767	2	634	631	565
1768	2	631	563	565
1769	2	631	625	563
1770	2	625	561	563
1771	2	625	623	561
1772	2	623	557	561
1773	2	623	619	557
1774	2	619	555	557
1775	2	619	611	555
1776	2	611	551	555
1777	2	611	607	551
1778	2	607	547	551
1779	2	607	605	547
1780	2	605	543	547
1781	2	605	600	543
1782	2	600	539	543
1783	2	600	594	539
1784	2	594	533	539
1785	2	594	590	533
1786	2	590	526	533
1787	2	590	584	526
1788	2	584	520	526
1789	2	584	580	520
1790	2	580	517	520
1791	2	580	570	517
1792	2	570	513	517
1793	2	513	455	517
1794	2	517	450	520
1795	2	517	455	450
1796	2	455	412	450
1797	2	520	460	526
1798	2	520	450	460
1799	2	450	400	460
1800	2	450	412	400
1801	2	412	366	400
1802	2	526	468	533
1803	2	526	460	468
1804	2	460	398	468
1805	2	460	400	398
1806	2	400	354	398
1807	2	400	366	354
1808	2	366	321	354
1809	2	533	474	539
1810	2	533	468	474
1811	2	468	407	474
1812	2	468	398	407
1813	2	398	349	407
1814	2	398	354	349
1815	2	354	310	349
1816	2	354	321	310
1817	2	321	276	310
1818	2	539	478	543
1819	2	539	474	478
1820	2	474	414	478
1821	2	474	407	414
1822	2	407	352	414
1823	2	407	349	352
1824	2	349	303	352
1825	2	349	310	303
1826	2	310	266	303
1827	2	310	276	266
1828	2	276	230	266
1829	2	543	482	547
1830	2	543	478	482
1831	2	478	420	482
1832	2	478	414	420
1833	2	414	358	420
1834	2	414	352	358
1835	2	352	300	358
1836	2	352	303	300
1837	2	303	256	300
1838	2	303	266	256
1839	2	266	223	256
1840	2	266	230	223
1841	2	230	190	223
1842	2	547	486	551
1843	2	547	482	486
1844	2	482	424	486
1845	2	482	420	424
1846	2	420	363	424
1847	2	420	358	363
1848	2	358	306	363
1849	2	358	300	306
1850	2	300	254	306
1851	2	300	256	254
1852	2	256	216	254
1853	2	256	223	216
1854	2	223	185	216
1855	2	223	190	185
1856	2	190	154	185
1857	2	551	490	555
1858	2	551	486	490
1859	2	486	428	490
1860	2	486	424	428
1861	2	424	370	428
1862	2	424	363	370
1863	2	363	312	370
1864	2	363	306	312
1865	2	306	259	312
1866	2	306	254	259
1867	2	254	212	259
1868	2	254	216	212
1869	2	216	176	212
1870	2	216	185	176
1871	2	185	146	176
1872	2	185	154	146
1873	2	154	120	146
1874	2	555	492	557
1875	2	555	490	492
1876	2	490	431	492
1877	2	490	428	431
1878	2	428	375	431
1879	2	428	370	375
1880	2	370	316	375
1881	2	370	312	316
1882	2	312	265	316
1883	2	312	259	265
1884	2	259	214	265
1885	2	259	212	214
1886	2	212	172	214
1887	2	212	176	172
1888	2	176	142	172
1889	2	176	146	142
1890	2	146	112	142
1891	2	146	120	112
1892	2	120	90	112
1893	2	557	496	561
1894	2	557	492	496
1895	2	492	434	496
1896	2	492	431	434
1897	2	431	376	434
1898	2	431	375	376
1899	2	375	322	376
1900	2	375	316	322
1901	2	316	268	322
1902	2	316	265	268
1903	2	265	220	268
1904	2	265	214	220
1905	2	214	178	220
1906	2	214	172	178
1907	2	172	140	178
1908	2	172	142	140
1909	2	142	108	140
1910	2	142	112	108
1911	2	112	83	108
1912	2	112	90	83
1913	2	90	65	83
1914	2	561	498	563
1915	2	561	496	498
1916	2	496	438	498
1917	2	496	434	438
1918	2	434	380	438
1919	2	434	376	380
1920	2	376	327	380
1921	2	376	322	327
1922	2	322	272	327
1923	2	322	268	272
1924	2	268	226	272
1925	2	268	220	226
1926	2	220	182	226
1927	2	220	178	182
1928	2	178	144	182
1929	2	178	140	144
1930	2	140	110	144
1931	2	140	108	110
1932	2	108	80	110
1933	2	108	83	80
1934	2	83	58	80
1935	2	83	65	58
1936	2	65	42	58
1937	2	563	502	565
1938	2	563	498	502
1939	2	498	440	502
1940	2	498	438	440
1941	2	438	382	440
1942	2	438	380	382
1943	2	380	328	382
1944	2	380	327	328
1945	2	327	278	328
1946	2	327	272	278
1947	2	272	232	278
1948	2	272	226	232
1949	2	226	186	232
1950	2	226	182	186
1951	2	182	148	186
1952	2	182	144	148
1953	2	144	114	148
1954	2	144	110	114
1955	2	110	86	114
1956	2	110	80	86
1957	2	80	60	86
1958	2	80	58	60
1959	2	58	38	60
1960	2	58	42	38
1961	2	42	25	38
1962	2	565	504	569
1963	2	565	502	504
1964	2	502	444	504
1965	2	502	440	444
1966	2	440	386	444
1967	2	440	382	386
1968	2	382	332	386
1969	2	382	328	332
1970	2	328	282	332
1971	2	328	278	282
1972	2	278	236	282
1973	2	278	232	236
1974	2	232	194	236
1975	2	232	186	194
1976	2	186	156	194
1977	2	186	148	156
1978	2	148	122	156
1979	2	148	114	122
1980	2	114	92	122
1981	2	114	86	92
1982	2	86	66	92
1983	2	86	60	66
1984	2	60	44	66
1985	2	60	38	44
1986	2	38	26	44
1987	2	38	25	26
1988	2	25	12	26
1989	2	569	509	572
1990	2	569	504	509
1991	2	504	449	509
1992	2	504	444	449
1993	2	444	391	449
1994	2	444	386	391
1995	2	386	341	391
1996	2	386	332	341
1997	2	332	295	341
1998	2	332	282	295
1999	2	282	250	295
2000	2	282	236	250
2001	2	236	208	250
2002	2	236	194	208
2003	2	194	171	208
2004	2	194	156	171
2005	2	156	135	171
2006	2	156	122	135
2007	2	122	102	135
2008	2	122	92	102
2009	2	92	74	102
2010	2	92	66	74
2011	2	66	50	74
2012	2	66	44	50
2013	2	44	30	50
2014	2	44	26	30
2015	2	26	16	30
2016	2	26	12	16
2017	2	12	6	16
2018	2	572	515	574
2019	2	572	509	515
2020	2	509	452	515
2021	2	509	449	452
2022	2	449	408	452
2023	2	449	391	408
2024	2	391	365	408
2025	2	391	341	365
2026	2	341	319	365
2027	2	341	295	319
2028	2	295	275	319
2029	2	295	250	275
2030	2	250	229	275
2031	2	250	208	229
2032	2	208	189	229
2033	2	208	171	189
2034	2	171	153	189
2035	2	171	135	153
2036	2	135	119	153
2037	2	135	102	119
2038	2	102	89	119
2039	2	102	74	89
2040	2	74	63	89
2041	2	74	50	63
2042	2	50	41	63
2043	2	50	30	41
2044	2	30	23	41
2045	2	30	16	23
2046	2	16	10	23
2047	2	16	6	10
2048	2	6	2	10
# Trailing edges
3072
1	2
1	7
1	5
2	6
3	1
3	5
3	9
4	6
4	1
4	3
5	13
5	15
5	9
6	12
6	1
6	16
6	10
7	2
7	5
7	10
7	17
8	4
8	3
8	11
9	15
9	21
9	19
10	2
10	17
11	3
11	9
11	19
12	25
12	4
12	26
12	16
13	7
13	15
13	17
13	27
14	12
14	4
14	8
15	24
15	29
15	21
16	30
16	23
16	10
17	23
17	31
17	27
18	8
18	11
18	22
19	21
19	33
19	35
20	14
20	8
20	18
21	29
21	37
21	33
22	11
22	19
22	35
23	10
23	31
24	13
24	29
24	27
24	39
25	42
25	14
25	38
25	26
26	44
26	30
26	16
27	31
27	45
27	39
28	25
28	14
28	20
29	43
29	47
29	37
30	50
30	41
30	23
31	41
31	51
31	45
32	20
32	18
32	34
33	37
33	53
33	49
34	18
34	22
34	40
35	33
35	49
35	55
36	28
36	20
36	32
37	47
37	57
37	53
38	60
38	44
38	26
39	45
39	61
39	59
40	22
40	35
40	55
41	23
41	51
42	65
42	28
42	58
42	38
43	24
43	47
43	39
43	59
44	66
44	50
44	30
45	51
45	67
45	61
46	42
46	28
46	36
47	64
47	73
47	57
48	32
48	34
48	54
49	53
49	69
49	71
50	74
50	63
50	41
51	63
51	75
51	67
52	36
52	32
52	48
53	57
53	77
53	69
54	34
54	40
54	62
55	49
55	71
55	78
56	46
56	36
56	52
57	73
57	85
57	77
58	80
58	60
58	38
59	61
59	81
59	82
60	86
60	66
60	44
61	67
61	87
61	81
62	40
62	55
62	78
63	41
63	75
64	43
64	73
64	59
64	82
65	90
65	46
65	83
65	58
66	92
66	74
66	50
67	75
67	93
67	87
68	52
68	48
68	70
69	77
69	99
69	95
70	48
70	54
70	79
71	69
71	95
71	97
72	65
72	46
72	56
73	91
73	101
73	85
74	102
74	89
74	63
75	89
75	103
75	93
76	56
76	52
76	68
77	85
77	105
77	99
78	71
78	97
78	107
79	54
79	62
79	88
80	110
80	86
80	60
81	87
81	111
81	109
82	81
82	109
82	113
83	108
83	80
83	58
84	72
84	56
84	76
85	101
85	117
85	105
86	114
86	92
86	66
87	93
87	115
87	111
88	62
88	78
88	107
89	63
89	103
90	120
90	72
90	112
90	83
91	64
91	101
91	82
91	113
92	122
92	102
92	74
93	103
93	123
93	115
94	68
94	70
94	96
95	99
95	127
95	125
96	70
96	79
96	106
97	95
97	125
97	129
98	76
98	68
98	94
99	105
99	131
99	127
100	90
100	72
100	84
101	121
101	133
101	117
102	135
102	119
102	89
103	119
103	134
103	123
104	84
104	76
104	98
105	117
105	139
105	131
106	79
106	88
106	118
107	97
107	129
107	136
108	140
108	110
108	80
109	111
109	141
109	143
110	144
110	114
110	86
111	115
111	145
111	141
112	142
112	108
112	83
113	109
113	143
113	147
114	148
114	122
114	92
115	123
115	149
115	145
116	100
116	84
116	104
117	133
117	151
117	139
118	88
118	107
118	136
119	89
119	134
120	154
120	100
120	146
120	112
121	91
121	133
121	113
121	147
122	156
122	135
122	102
123	134
123	157
123	149
124	94
124	96
124	128
125	127
125	159
125	161
126	98
126	94
126	124
127	131
127	163
127	159
128	96
128	106
128	137
129	125
129	161
129	165
130	104
130	98
130	126
131	139
131	169
131	163
132	120
132	100
132	116
133	155
133	166
133	151
134	153
134	170
134	157
135	171
135	153
135	119
136	129
136	165
136	174
137	106
137	118
137	152
138	116
138	104
138	130
139	151
139	181
139	169
140	178
140	144
140	110
141	145
141	179
141	173
142	172
142	140
142	108
143	141
143	173
143	177
144	182
144	148
144	114
145	149
145	183
145	179
146	176
146	142
146	112
147	143
147	177
147	184
148	186
148	156
148	122
149	157
149	187
149	183
150	132
150	116
150	138
151	166
151	193
151	181
152	118
152	136
152	174
153	119
153	170
154	190
154	132
154	185
154	146
155	121
155	166
155	147
155	184
156	194
156	171
156	135
157	170
157	195
157	187
158	126
158	124
158	160
159	163
159	200
159	196
160	124
160	128
160	164
161	159
161	196
161	199
162	130
162	126
162	158
163	169
163	204
163	200
164	128
164	137
164	175
165	161
165	199
165	203
166	191
166	207
166	193
167	154
167	132
167	150
168	138
168	130
168	162
169	181
169	211
169	204
170	189
170	209
170	195
171	208
171	189
171	153
172	214
172	178
172	140
173	179
173	215
173	213
174	165
174	203
174	218
175	137
175	152
175	188
176	212
176	172
176	142
177	173
177	213
177	217
178	220
178	182
178	144
179	183
179	221
179	215
180	150
180	138
180	168
181	193
181	225
181	211
182	226
182	186
182	148
183	187
183	227
183	221
184	177
184	217
184	222
185	216
185	176
185	146
186	232
186	194
186	156
187	195
187	233
187	227
188	152
188	174
188	218
189	153
189	209
190	230
190	167
190	223
190	185
191	155
191	207
191	184
191	222
192	167
192	150
192	180
193	207
193	235
193	225
194	236
194	208
194	171
195	209
195	237
195	233
196	200
196	242
196	239
197	158
197	160
197	198
198	160
198	164
198	202
199	196
199	239
199	241
200	204
200	247
200	242
201	162
201	158
201	197
202	164
202	175
202	219
203	199
203	241
203	245
204	211
204	252
204	247
205	168
205	162
205	201
206	190
206	167
206	192
207	231
207	249
207	235
208	250
208	229
208	189
209	229
209	251
209	237
210	180
210	168
210	205
211	225
211	262
211	252
212	259
212	214
212	172
213	215
213	258
213	255
214	265
214	220
214	178
215	221
215	264
215	258
216	254
216	212
216	176
217	213
217	255
217	257
218	203
218	245
218	261
219	175
219	188
219	228
220	268
220	226
220	182
221	227
221	269
221	264
222	217
222	257
222	267
223	256
223	216
223	185
224	192
224	180
224	210
225	235
225	271
225	262
226	272
226	232
226	186
227	233
227	273
227	269
228	188
228	218
228	261
229	189
229	251
230	276
230	206
230	266
230	223
231	191
231	249
231	222
231	267
232	278
232	236
232	194
233	237
233	279
233	273
234	206
234	192
234	224
235	249
235	281
235	271
236	282
236	250
236	208
237	251
237	283
237	279
238	197
238	198
238	240
239	242
239	292
239	287
240	198
240	202
240	244
241	239
241	287
241	285
242	247
242	297
242	292
243	201
243	197
243	238
244	202
244	219
244	260
245	241
245	285
245	288
246	205
246	201
246	243
247	252
247	304
247	297
248	230
248	206
248	234
249	277
249	291
249	281
250	295
250	275
250	229
251	275
251	294
251	283
252	262
252	308
252	304
253	210
253	205
253	246
254	306
254	259
254	212
255	258
255	307
255	301
256	300
256	254
256	216
257	255
257	301
257	302
258	264
258	313
258	307
259	312
259	265
259	214
260	219
260	228
260	274
261	245
261	288
261	299
262	271
262	315
262	308
263	224
263	210
263	253
264	269
264	317
264	313
265	316
265	268
265	220
266	303
266	256
266	223
267	257
267	302
267	311
268	322
268	272
268	226
269	273
269	323
269	317
270	234
270	224
270	263
271	281
271	325
271	315
272	327
272	278
272	232
273	279
273	326
273	323
274	228
274	261
274	299
275	229
275	294
276	321
276	248
276	310
276	266
277	231
277	291
277	267
277	311
278	328
278	282
278	236
279	283
279	329
279	326
280	248
280	234
280	270
281	291
281	331
281	325
282	332
282	295
282	250
283	294
283	333
283	329
284	240
284	244
284	289
285	287
285	343
285	336
286	238
286	240
286	284
287	292
287	345
287	343
288	285
288	336
288	339
289	244
289	260
289	298
290	276
290	248
290	280
291	320
291	335
291	331
292	297
292	351
292	345
293	243
293	238
293	286
294	319
294	340
294	333
295	341
295	319
295	275
296	246
296	243
296	293
297	304
297	356
297	351
298	260
298	274
298	318
299	288
299	339
299	347
300	358
300	306
300	254
301	307
301	359
301	353
302	301
302	353
302	348
303	352
303	300
303	256
304	308
304	361
304	356
305	253
305	246
305	296
306	363
306	312
306	259
307	313
307	362
307	359
308	315
308	369
308	361
309	263
309	253
309	305
310	349
310	303
310	266
311	302
311	348
311	355
312	370
312	316
312	265
313	317
313	371
313	362
314	270
314	263
314	309
315	325
315	373
315	369
316	375
316	322
316	268
317	323
317	374
317	371
318	274
318	299
318	347
319	275
319	340
320	277
320	335
320	311
320	355
321	366
321	290
321	354
321	310
322	376
322	327
322	272
323	326
323	377
323	374
324	280
324	270
324	314
325	331
325	379
325	373
326	329
326	381
326	377
327	380
327	328
327	278
328	382
328	332
328	282
329	333
329	383
329	381
330	290
330	280
330	324
331	335
331	385
331	379
332	386
332	341
332	295
333	340
333	387
333	383
334	321
334	290
334	330
335	367
335	388
335	385
336	343
336	403
336	397
337	284
337	289
337	338
338	289
338	298
338	346
339	336
339	397
339	393
340	365
340	390
340	387
341	391
341	365
341	319
342	286
342	284
342	337
343	345
343	405
343	403
344	293
344	286
344	342
345	351
345	411
345	405
346	298
346	318
346	364
347	339
347	393
347	395
348	353
348	406
348	399
349	407
349	352
349	303
350	296
350	293
350	344
351	356
351	417
351	411
352	414
352	358
352	300
353	359
353	415
353	406
354	398
354	349
354	310
355	348
355	399
355	401
356	361
356	419
356	417
357	305
357	296
357	350
358	420
358	363
358	306
359	362
359	421
359	415
360	309
360	305
360	357
361	369
361	423
361	419
362	371
362	425
362	421
363	424
363	370
363	312
364	318
364	347
364	395
365	319
365	390
366	412
366	334
366	400
366	354
367	320
367	388
367	355
367	401
368	314
368	309
368	360
369	373
369	427
369	423
370	428
370	375
370	316
371	374
371	429
371	425
372	324
372	314
372	368
373	379
373	433
373	427
374	377
374	430
374	429
375	431
375	376
375	322
376	434
376	380
376	327
377	381
377	435
377	430
378	330
378	324
378	372
379	385
379	437
379	433
380	438
380	382
380	328
381	383
381	439
381	435
382	440
382	386
382	332
383	387
383	441
383	439
384	334
384	330
384	378
385	388
385	443
385	437
386	444
386	391
386	341
387	390
387	445
387	441
388	413
388	446
388	443
389	366
389	334
389	384
390	408
390	448
390	445
391	449
391	408
391	365
392	338
392	346
392	394
393	397
393	463
393	459
394	346
394	364
394	409
395	393
395	459
395	457
396	337
396	338
396	392
397	403
397	464
397	463
398	468
398	407
398	349
399	406
399	469
399	461
400	460
400	398
400	354
401	399
401	461
401	451
402	342
402	337
402	396
403	405
403	466
403	464
404	344
404	342
404	402
405	411
405	470
405	466
406	415
406	475
406	469
407	474
407	414
407	352
408	365
408	448
409	364
409	395
409	457
410	350
410	344
410	404
411	417
411	472
411	470
412	455
412	389
412	450
412	400
413	367
413	446
413	401
413	451
414	478
414	420
414	358
415	421
415	479
415	475
416	357
416	350
416	410
417	419
417	476
417	472
418	360
418	357
418	416
419	423
419	480
419	476
420	482
420	424
420	363
421	425
421	483
421	479
422	368
422	360
422	418
423	427
423	484
423	480
424	486
424	428
424	370
425	429
425	487
425	483
426	372
426	368
426	422
427	433
427	488
427	484
428	490
428	431
428	375
429	430
429	491
429	487
430	435
430	493
430	491
431	492
431	434
431	376
432	378
432	372
432	426
433	437
433	494
433	488
434	496
434	438
434	380
435	439
435	497
435	493
436	384
436	378
436	432
437	443
437	500
437	494
438	498
438	440
438	382
439	441
439	499
439	497
440	502
440	444
440	386
441	445
441	503
441	499
442	389
442	384
442	436
443	446
443	507
443	500
444	504
444	449
444	391
445	448
445	505
445	503
446	454
446	511
446	507
447	412
447	389
447	442
448	452
448	508
448	505
449	509
449	452
449	408
450	520
450	460
450	400
451	461
451	521
451	516
452	408
452	508
453	456
453	409
454	413
454	511
454	451
454	516
455	513
455	447
455	517
455	450
456	458
456	514
456	394
456	409
457	453
457	518
458	462
458	519
458	392
458	394
459	457
459	522
460	526
460	468
460	398
461	469
461	527
461	521
462	465
462	523
462	396
462	392
463	459
463	524
464	463
464	528
465	467
465	525
465	402
465	396
466	464
466	530
467	471
467	529
467	404
467	402
468	533
468	474
468	407
469	475
469	532
469	527
470	466
470	534
471	473
471	531
471	410
471	404
472	470
472	536
473	477
473	535
473	416
473	410
474	539
474	478
474	414
475	479
475	538
475	532
476	472
476	540
477	481
477	537
477	418
477	416
478	543
478	482
478	420
479	483
479	542
479	538
480	476
480	545
481	485
481	541
481	422
481	418
482	547
482	486
482	424
483	487
483	546
483	542
484	480
484	548
485	489
485	544
485	426
485	422
486	551
486	490
486	428
487	491
487	550
487	546
488	484
488	552
489	495
489	549
489	432
489	426
490	555
490	492
490	431
491	493
491	554
491	550
492	557
492	496
492	434
493	497
493	556
493	554
494	488
494	558
495	501
495	553
495	436
495	432
496	561
496	498
496	438
497	499
497	560
497	556
498	563
498	502
498	440
499	503
499	562
499	560
500	494
500	566
501	506
501	559
501	442
501	436
502	565
502	504
502	444
503	505
503	564
503	562
504	569
504	509
504	449
505	508
505	568
505	564
506	510
506	567
506	447
506	442
507	500
507	576
508	515
508	573
508	568
509	572
509	515
509	452
510	513
510	577
510	455
510	447
511	507
511	571
512	511
512	454
513	570
513	517
514	453
514	457
514	518
515	452
515	573
516	512
516	581
517	520
517	450
518	459
518	522
518	578
519	456
519	514
519	575
520	526
520	460
521	516
521	585
522	463
522	524
522	582
523	458
523	519
523	579
524	464
524	528
524	586
525	462
525	523
525	583
526	533
526	468
527	521
527	591
528	466
528	530
528	588
529	465
529	525
529	587
530	470
530	534
530	592
531	467
531	529
531	589
532	527
532	595
533	539
533	474
534	472
534	536
534	596
535	471
535	531
535	593
536	476
536	540
536	598
537	473
537	535
537	597
538	532
538	601
539	543
539	478
540	480
540	545
540	602
541	477
541	537
541	599
542	538
542	604
543	547
543	482
544	481
544	541
544	603
545	484
545	548
545	608
546	542
546	606
547	551
547	486
548	488
548	552
548	612
549	485
549	544
549	609
550	546
550	610
551	555
551	490
552	494
552	558
552	620
553	489
553	549
553	613
554	550
554	618
555	557
555	492
556	554
556	622
557	561
557	496
558	500
558	566
558	629
559	495
559	553
559	621
560	556
560	624
561	563
561	498
562	560
562	630
563	565
563	502
564	562
564	635
565	569
565	504
566	507
566	576
566	626
567	501
567	559
567	628
568	564
568	633
569	572
569	509
570	510
570	577
570	615
570	580
570	517
571	512
571	516
571	581
572	574
572	515
573	568
573	616
574	573
574	515
575	514
575	518
575	578
576	511
576	571
576	614
577	506
577	567
577	627
578	522
578	582
578	636
579	519
579	575
579	617
580	584
580	520
580	517
581	521
581	585
581	639
582	524
582	586
582	641
583	523
583	579
583	637
584	590
584	526
584	520
585	527
585	591
585	643
586	528
586	588
586	644
587	525
587	583
587	640
588	530
588	592
588	646
589	529
589	587
589	645
590	594
590	533
590	526
591	532
591	595
591	649
592	534
592	596
592	650
593	531
593	589
593	647
594	600
594	539
594	533
595	538
595	601
595	653
596	536
596	598
596	654
597	535
597	593
597	651
598	540
598	602
598	656
599	537
599	597
599	655
600	605
600	543
600	539
601	542
601	604
601	659
602	545
602	608
602	664
603	541
603	599
603	657
604	546
604	606
604	667
605	607
605	547
605	543
606	550
606	610
606	671
607	611
607	551
607	547
608	548
608	612
608	668
609	544
609	603
609	665
610	554
610	618
610	677
611	619
611	555
611	551
612	552
612	620
612	674
613	549
613	609
613	669
614	571
614	581
614	639
615	577
615	627
615	660
615	638
615	580
616	574
616	572
617	575
617	578
617	636
618	556
618	622
618	683
619	623
619	557
619	555
620	558
620	629
620	679
621	553
621	613
621	675
622	560
622	624
622	684
623	625
623	561
623	557
624	562
624	630
624	690
625	631
625	563
625	561
626	576
626	614
626	661
627	567
627	628
627	672
628	559
628	621
628	678
629	566
629	626
629	673
630	564
630	635
630	689
631	634
631	565
631	563
632	616
632	572
632	569
633	573
633	616
633	663
634	632
634	569
634	565
635	568
635	633
635	681
636	582
636	641
636	686
637	579
637	617
637	662
638	642
638	584
638	580
639	585
639	643
639	693
640	583
640	637
640	687
641	586
641	644
641	694
642	648
642	590
642	584
643	591
643	649
643	697
644	588
644	646
644	698
645	587
645	640
645	695
646	592
646	650
646	700
647	589
647	645
647	699
648	652
648	594
648	590
649	595
649	653
649	703
650	596
650	654
650	704
651	593
651	647
651	701
652	658
652	600
652	594
653	601
653	659
653	711
654	598
654	656
654	712
655	597
655	651
655	705
656	602
656	664
656	714
657	599
657	655
657	713
658	666
658	605
658	600
659	604
659	667
659	719
660	627
660	672
660	707
660	692
660	638
661	614
661	639
661	693
662	617
662	636
662	686
663	616
663	632
664	608
664	668
664	720
665	603
665	657
665	715
666	670
666	607
666	605
667	606
667	671
667	727
668	612
668	674
668	724
669	609
669	665
669	721
670	676
670	611
670	607
671	610
671	677
671	733
672	628
672	678
672	716
673	626
673	661
673	706
674	620
674	679
674	722
675	613
675	669
675	725
676	682
676	619
676	611
677	618
677	683
677	735
678	621
678	675
678	723
679	629
679	673
679	717
680	663
680	632
680	634
681	633
681	663
681	709
682	685
682	623
682	619
683	622
683	684
683	741
684	624
684	690
684	742
685	691
685	625
685	623
686	641
686	694
686	731
687	637
687	662
687	708
688	680
688	634
688	631
689	635
689	681
689	729
690	630
690	689
690	738
691	688
691	631
691	625
692	696
692	642
692	638
693	643
693	697
693	737
694	644
694	698
694	744
695	640
695	687
695	730
696	702
696	648
696	642
697	649
697	703
697	747
698	646
698	700
698	748
699	645
699	695
699	745
700	650
700	704
700	754
701	647
701	699
701	749
702	710
702	652
702	648
703	653
703	711
703	757
704	654
704	712
704	758
705	651
705	701
705	755
706	661
706	693
706	737
707	672
707	716
707	751
707	736
707	692
708	662
708	686
708	731
709	663
709	680
710	718
710	658
710	652
711	659
711	719
711	765
712	656
712	714
712	762
713	655
713	705
713	759
714	664
714	720
714	768
715	657
715	713
715	763
716	678
716	723
716	760
717	673
717	706
717	750
718	726
718	666
718	658
719	667
719	727
719	777
720	668
720	724
720	772
721	665
721	715
721	769
722	679
722	717
722	761
723	675
723	725
723	771
724	674
724	722
724	770
725	669
725	721
725	773
726	732
726	670
726	666
727	671
727	733
727	781
728	709
728	680
728	688
729	681
729	709
729	753
730	687
730	708
730	752
731	694
731	744
731	774
732	734
732	676
732	670
733	677
733	735
733	785
734	740
734	682
734	676
735	683
735	741
735	789
736	746
736	696
736	692
737	697
737	747
737	778
738	689
738	729
738	767
739	728
739	688
739	691
740	743
740	685
740	682
741	684
741	742
741	787
742	690
742	738
742	782
743	739
743	691
743	685
744	698
744	748
744	790
745	695
745	730
745	775
746	756
746	702
746	696
747	703
747	757
747	792
748	700
748	754
748	794
749	699
749	745
749	791
750	706
750	737
750	778
751	716
751	760
751	797
751	779
751	736
752	708
752	731
752	774
753	709
753	728
754	704
754	758
754	800
755	701
755	749
755	795
756	764
756	710
756	702
757	711
757	765
757	805
758	712
758	762
758	806
759	705
759	755
759	801
760	723
760	771
760	803
761	717
761	750
761	796
762	714
762	768
762	810
763	713
763	759
763	807
764	776
764	718
764	710
765	719
765	777
765	817
766	753
766	728
766	739
767	729
767	753
767	799
768	720
768	772
768	814
769	715
769	763
769	811
770	722
770	761
770	802
771	725
771	773
771	812
772	724
772	770
772	813
773	721
773	769
773	815
774	744
774	790
774	819
775	730
775	752
775	798
776	780
776	726
776	718
777	727
777	781
777	823
778	747
778	792
778	820
779	793
779	746
779	736
780	784
780	732
780	726
781	733
781	785
781	827
782	738
782	767
782	808
783	766
783	739
783	743
784	788
784	734
784	732
785	735
785	789
785	831
786	783
786	743
786	740
787	742
787	782
787	824
788	786
788	740
788	734
789	741
789	787
789	829
790	748
790	794
790	832
791	745
791	775
791	818
792	757
792	805
792	836
793	804
793	756
793	746
794	754
794	800
794	840
795	749
795	791
795	833
796	750
796	778
796	820
797	760
797	803
797	835
797	821
797	779
798	752
798	774
798	819
799	753
799	766
800	758
800	806
800	844
801	755
801	795
801	841
802	761
802	796
802	834
803	771
803	812
803	843
804	816
804	764
804	756
805	765
805	817
805	847
806	762
806	810
806	848
807	759
807	801
807	845
808	767
808	799
808	839
809	799
809	766
809	783
810	768
810	814
810	854
811	763
811	807
811	849
812	773
812	815
812	853
813	770
813	802
813	842
814	772
814	813
814	852
815	769
815	811
815	855
816	822
816	776
816	764
817	777
817	823
817	859
818	775
818	798
818	838
819	790
819	832
819	856
820	792
820	836
820	860
821	837
821	793
821	779
822	826
822	780
822	776
823	781
823	827
823	865
824	782
824	808
824	851
825	809
825	783
825	786
826	830
826	784
826	780
827	785
827	831
827	869
828	825
828	786
828	788
829	787
829	824
829	862
830	828
830	788
830	784
831	789
831	829
831	867
832	794
832	840
832	870
833	791
833	818
833	857
834	796
834	820
834	860
835	803
835	843
835	872
835	861
835	821
836	805
836	847
836	877
837	846
837	804
837	793
838	798
838	819
838	856
839	799
839	809
840	800
840	844
840	878
841	795
841	833
841	871
842	802
842	834
842	873
843	812
843	853
843	881
844	806
844	848
844	882
845	801
845	841
845	879
846	858
846	816
846	804
847	817
847	859
847	889
848	810
848	854
848	886
849	807
849	845
849	883
850	839
850	809
850	825
851	808
851	839
851	875
852	813
852	842
852	880
853	815
853	855
853	885
854	814
854	852
854	884
855	811
855	849
855	887
856	832
856	870
856	892
857	818
857	838
857	874
858	864
858	822
858	816
859	823
859	865
859	897
860	836
860	877
860	895
861	876
861	837
861	821
862	824
862	851
862	890
863	850
863	825
863	828
864	868
864	826
864	822
865	827
865	869
865	901
866	863
866	828
866	830
867	829
867	862
867	899
868	866
868	830
868	826
869	831
869	867
869	903
870	840
870	878
870	904
871	833
871	857
871	893
872	843
872	881
872	906
872	894
872	861
873	834
873	860
873	895
874	838
874	856
874	892
875	839
875	850
876	888
876	846
876	837
877	847
877	889
877	911
878	844
878	882
878	912
879	841
879	871
879	905
880	842
880	873
880	907
881	853
881	885
881	914
882	848
882	886
882	917
883	845
883	879
883	913
884	852
884	880
884	915
885	855
885	887
885	919
886	854
886	884
886	918
887	849
887	883
887	916
888	896
888	858
888	846
889	859
889	897
889	923
890	851
890	875
890	909
891	875
891	850
891	863
892	870
892	904
892	924
893	857
893	874
893	908
894	910
894	876
894	861
895	877
895	911
895	926
896	900
896	864
896	858
897	865
897	901
897	929
898	891
898	863
898	866
899	862
899	890
899	921
900	902
900	868
900	864
901	869
901	903
901	933
902	898
902	866
902	868
903	867
903	899
903	931
904	878
904	912
904	934
905	871
905	893
905	925
906	881
906	914
906	937
906	927
906	894
907	873
907	895
907	926
908	874
908	892
908	924
909	875
909	891
910	922
910	888
910	876
911	889
911	923
911	943
912	882
912	917
912	940
913	879
913	905
913	935
914	885
914	919
914	945
915	880
915	907
915	936
916	883
916	913
916	941
917	886
917	918
917	946
918	884
918	915
918	944
919	887
919	916
919	947
920	909
920	891
920	898
921	890
921	909
921	939
922	928
922	896
922	888
923	897
923	929
923	950
924	904
924	934
924	953
925	893
925	908
925	938
926	911
926	943
926	957
927	942
927	910
927	894
928	932
928	900
928	896
929	901
929	933
929	955
930	920
930	898
930	902
931	899
931	921
931	949
932	930
932	902
932	900
933	903
933	931
933	959
934	912
934	940
934	961
935	905
935	925
935	952
936	907
936	926
936	957
937	914
937	945
937	963
937	956
937	927
938	908
938	924
938	953
939	909
939	920
940	917
940	946
940	967
941	913
941	935
941	960
942	951
942	922
942	910
943	923
943	950
943	971
944	915
944	936
944	962
945	919
945	947
945	969
946	918
946	944
946	968
947	916
947	941
947	966
948	939
948	920
948	930
949	921
949	939
949	965
950	929
950	955
950	975
951	954
951	928
951	922
952	925
952	938
952	964
953	934
953	961
953	976
954	958
954	932
954	928
955	933
955	959
955	979
956	970
956	942
956	927
957	943
957	971
957	981
958	948
958	930
958	932
959	931
959	949
959	972
960	935
960	952
960	977
961	940
961	967
961	983
962	936
962	957
962	981
963	945
963	969
963	984
963	980
963	956
964	938
964	953
964	976
965	939
965	948
966	941
966	960
966	982
967	946
967	968
967	988
968	944
968	962
968	985
969	947
969	966
969	989
970	974
970	951
970	942
971	950
971	975
971	991
972	949
972	965
972	987
973	965
973	948
973	958
974	978
974	954
974	951
975	955
975	979
975	994
976	961
976	983
976	996
977	952
977	964
977	986
978	973
978	958
978	954
979	959
979	972
979	992
980	990
980	970
980	956
981	971
981	991
981	999
982	960
982	977
982	997
983	967
983	988
983	1000
984	969
984	989
984	1003
984	998
984	980
985	962
985	981
985	999
986	964
986	976
986	996
987	965
987	973
988	968
988	985
988	1002
989	966
989	982
989	1001
990	995
990	974
990	970
991	975
991	994
991	1006
992	972
992	987
992	1005
993	987
993	973
993	978
994	979
994	992
994	1009
995	993
995	978
995	974
996	983
996	1000
996	1011
997	977
997	986
997	1004
998	1007
998	990
998	980
999	991
999	1006
999	1013
1000	988
1000	1002
1000	1015
1001	982
1001	997
1001	1010
1002	985
1002	999
1002	1013
1003	989
1003	1001
1003	1014
1003	1012
1003	998
1004	986
1004	996
1004	1011
1005	987
1005	993
1006	994
1006	1009
1006	1019
1007	1008
1007	995
1007	990
1008	1005
1008	993
1008	995
1009	992
1009	1005
1009	1016
1010	997
1010	1004
1010	1017
1011	1000
1011	1015
1011	1020
1012	1018
1012	1007
1012	998
1013	1006
1013	1019
1013	1023
1014	1001
1014	1010
1014	1021
1014	1022
1014	1012
1015	1002
1015	1013
1015	1023
1016	1005
1016	1008
1017	1004
1017	1011
1017	1020
1018	1016
1018	1008
1018	1007
1019	1009
1019	1016
1019	1024
1020	1015
1020	1023
1020	1026
1021	1010
1021	1017
1021	1025
1021	1026
1021	1022
1022	1024
1022	1018
1022	1012
1023	1019
1023	1024
1023	1026
1024	1016
1024	1018
1025	1017
1025	1020
1025	1026
1026	1024
1026	1022

-------------------------------------------------------------------------------
-------------------------------------------------------------------------------
end of file